BAYESIAN OPTIMIZATION SUMMARY
================================================================================
Start Time: 2025-06-21 13:43:43.254985
Number of Calls: 20
Max Simulations: 80000
Output Directory: results/bayes_20250621_134343
================================================================================


============================================================
Trial 1
Timestamp: 2025-06-21 14:18:37.723458
Parameters:
  POP_SIZE: 709
  NUM_GENERATIONS: 112
  MUT_RATE: 0.3239310464533946
  MUT_SIGMA: 3.7716062323652353
  ELITE_SIZE: 10
  DNA_BOUNDS: [0, 500]
  RANK_DEPTH: 354
Best Score: 664
Best DNA: [5, 424, 22, 141, -175, -393, -1, -350, -278, -17, -430, -303, 0, -144, -465, -241, -107, -417, -149, 199, 342, 490, 231, 372, 364, 24, 442, 145, -253, -314, -341, 167, 3, 410, 337, 322, 202, 274, -282, -216, -171, -123, -146, -346, 94, 355, -301, -205, 436, 218, 44, 446, 122]
============================================================

============================================================
Trial 2
Timestamp: 2025-06-21 14:54:42.827682
Parameters:
  POP_SIZE: 1082
  NUM_GENERATIONS: 73
  MUT_RATE: 0.700857217924634
  MUT_SIGMA: 9.753166036999728
  ELITE_SIZE: 10
  DNA_BOUNDS: [0, 500]
  RANK_DEPTH: 541
Best Score: 666
Best DNA: [19, 472, 265, 270, -100, -384, -5, -475, -431, -3, -463, -493, -371, -65, -402, -89, -190, -175, -476, 178, 362, 56, 283, 78, 205, 236, 116, 233, -433, -244, -456, 41, 2, 235, 185, 419, 116, 254, -324, -273, -388, -111, -465, -274, 144, 177, -236, -366, 145, 315, 30, 255, 243]
============================================================

============================================================
Trial 3
Timestamp: 2025-06-21 15:31:08.011450
Parameters:
  POP_SIZE: 536
  NUM_GENERATIONS: 149
  MUT_RATE: 0.593132065302
  MUT_SIGMA: 5.832672140467239
  ELITE_SIZE: 10
  DNA_BOUNDS: [0, 500]
  RANK_DEPTH: 268
Best Score: 673
Best DNA: [18, 177, 78, 374, -325, -430, -4, -380, -314, -86, -159, -454, -1, -134, -426, -231, -289, -500, -212, 59, 486, 35, 11, 83, 339, 171, 316, 12, -491, -500, -443, 213, 248, 214, 58, 8, 121, 142, -444, -268, -384, -327, -198, -131, 179, 496, -500, -214, 27, 287, 29, 182, 224]
============================================================

============================================================
Trial 4
Timestamp: 2025-06-21 16:07:22.857905
Parameters:
  POP_SIZE: 568
  NUM_GENERATIONS: 140
  MUT_RATE: 0.5264941199274906
  MUT_SIGMA: 7.414962374938672
  ELITE_SIZE: 10
  DNA_BOUNDS: [0, 500]
  RANK_DEPTH: 284
Best Score: 664
Best DNA: [7, 5, 469, 361, -462, -382, -50, -111, -417, -1, -284, -497, -12, -91, -133, -54, -383, -35, -417, 328, 6, 494, 208, 431, 190, 408, 445, 122, -360, -330, -236, 324, 181, 46, 56, 178, 89, 31, -350, -263, -129, -131, -151, -336, 397, 26, -492, -393, 288, 199, 33, 492, 112]
============================================================

============================================================
Trial 5
Timestamp: 2025-06-21 16:44:04.654106
Parameters:
  POP_SIZE: 540
  NUM_GENERATIONS: 148
  MUT_RATE: 0.47812925854210614
  MUT_SIGMA: 2.51068610827899
  ELITE_SIZE: 10
  DNA_BOUNDS: [0, 500]
  RANK_DEPTH: 270
Best Score: 670
Best DNA: [29, 428, 348, 124, -340, -300, -6, -157, -493, 0, -448, -375, -335, -405, -225, -235, -312, -482, -398, 199, 333, 312, 225, 208, 414, 399, 383, 336, -410, -429, -458, 66, 101, 455, 106, 30, 5, 330, -75, -373, -252, -68, -318, -491, 75, 52, -144, -331, 43, 196, 33, 183, 430]
============================================================

============================================================
Trial 6
Timestamp: 2025-06-21 17:20:07.609705
Parameters:
  POP_SIZE: 1213
  NUM_GENERATIONS: 65
  MUT_RATE: 0.6278311293550027
  MUT_SIGMA: 9.447891067348179
  ELITE_SIZE: 10
  DNA_BOUNDS: [0, 500]
  RANK_DEPTH: 606
Best Score: 670
Best DNA: [20, 62, 272, 400, -477, -408, -2, -413, -319, -360, -168, -306, -8, -246, -475, -45, -271, -421, -450, 414, 296, 252, 102, 148, 365, 474, 338, 193, -368, -239, -252, 169, 71, 415, 10, 390, 95, 182, -307, -436, -17, -437, -310, -390, 215, 87, -475, -71, 62, 219, 45, 376, 55]
============================================================

============================================================
Trial 7
Timestamp: 2025-06-21 17:56:39.442344
Parameters:
  POP_SIZE: 690
  NUM_GENERATIONS: 115
  MUT_RATE: 0.6534009331611871
  MUT_SIGMA: 4.317158710009648
  ELITE_SIZE: 10
  DNA_BOUNDS: [0, 500]
  RANK_DEPTH: 345
Best Score: 665
Best DNA: [3, 99, 155, 384, -261, -466, 0, -299, -190, -4, -385, -490, -2, -136, -287, -197, -378, -15, -477, 27, 43, 135, 28, 440, 107, 38, 263, 206, -336, -465, -407, 355, 226, 249, 164, 370, 119, 76, -239, -333, -229, -149, -110, -344, 455, 457, -32, -356, 383, 55, 30, 437, 81]
============================================================

============================================================
Trial 8
Timestamp: 2025-06-21 18:31:59.388380
Parameters:
  POP_SIZE: 518
  NUM_GENERATIONS: 154
  MUT_RATE: 0.24489111063754335
  MUT_SIGMA: 8.60025101097433
  ELITE_SIZE: 10
  DNA_BOUNDS: [0, 500]
  RANK_DEPTH: 259
Best Score: 667
Best DNA: [8, 108, 243, 397, -311, -414, -23, -411, -226, -206, -150, -488, 0, -241, -414, -299, -144, -364, -273, 378, 111, 18, 220, 33, 333, 281, 265, 39, -451, -200, -382, 41, 33, 92, 294, 332, 218, 341, -391, -155, -23, -473, -106, -94, 242, 1, -333, -424, 368, 266, 34, 137, 316]
============================================================

============================================================
Trial 9
Timestamp: 2025-06-21 19:08:44.179564
Parameters:
  POP_SIZE: 1435
  NUM_GENERATIONS: 55
  MUT_RATE: 0.5024907921989624
  MUT_SIGMA: 5.699421452788252
  ELITE_SIZE: 10
  DNA_BOUNDS: [0, 500]
  RANK_DEPTH: 717
Best Score: 669
Best DNA: [7, 479, 126, 56, -420, -361, -6, -275, -229, -336, -234, -493, -136, -90, -449, -74, -499, -486, -320, 34, 403, 77, 29, 50, 118, 311, 332, 191, -424, -335, -444, 65, 199, 274, 306, 10, 260, 329, -14, -424, -178, -486, -412, -481, 489, 134, -358, -179, 14, 371, 29, 406, 28]
============================================================

============================================================
Trial 10
Timestamp: 2025-06-21 19:46:12.164844
Parameters:
  POP_SIZE: 1696
  NUM_GENERATIONS: 47
  MUT_RATE: 0.5578029563483207
  MUT_SIGMA: 4.487353642255278
  ELITE_SIZE: 10
  DNA_BOUNDS: [0, 500]
  RANK_DEPTH: 848
Best Score: 667
Best DNA: [20, 113, 114, 405, -353, -499, -203, -375, -343, -256, -152, -492, -1, -170, -48, -139, -368, -472, -175, 234, 422, 149, 15, 440, 89, 29, 281, 67, -450, -360, -446, 241, 36, 160, 82, 44, 202, 372, -334, -305, -194, -491, -485, -236, 300, 455, -487, -340, 87, 392, 44, 76, 171]
============================================================

============================================================
Trial 11
Timestamp: 2025-06-21 20:22:56.376297
Parameters:
  POP_SIZE: 926
  NUM_GENERATIONS: 86
  MUT_RATE: 0.24940729968089256
  MUT_SIGMA: 5.879195640366132
  ELITE_SIZE: 10
  DNA_BOUNDS: [0, 500]
  RANK_DEPTH: 463
Best Score: 669
Best DNA: [22, 123, 349, 418, -439, -494, -192, -398, -491, -3, -132, -494, -6, -180, -29, -182, -133, -499, -3, 171, 348, 147, 303, 166, 199, 173, 117, 28, -263, -269, -214, 209, 219, 63, 86, 4, 48, 461, -455, -446, -395, -196, -315, -497, 31, 202, -439, -407, 401, 380, 45, 116, 287]
============================================================

============================================================
Trial 12
Timestamp: 2025-06-21 20:58:39.793348
Parameters:
  POP_SIZE: 753
  NUM_GENERATIONS: 106
  MUT_RATE: 0.6026003845294707
  MUT_SIGMA: 5.835713345565551
  ELITE_SIZE: 10
  DNA_BOUNDS: [0, 500]
  RANK_DEPTH: 376
Best Score: 666
Best DNA: [26, 243, 319, 425, -346, -475, -65, -457, -427, -149, -141, -329, -6, -132, -187, -285, -278, -279, -472, 36, 42, 320, 227, 437, 395, 90, 155, 412, -394, -268, -362, 466, 223, 225, 130, 52, 199, 235, -320, -420, -59, -225, -465, -496, 259, 60, -295, -430, 366, 149, 33, 381, 424]
============================================================

============================================================
Trial 13
Timestamp: 2025-06-21 21:35:07.912024
Parameters:
  POP_SIZE: 535
  NUM_GENERATIONS: 149
  MUT_RATE: 0.6182302027875775
  MUT_SIGMA: 5.806014522775889
  ELITE_SIZE: 10
  DNA_BOUNDS: [0, 500]
  RANK_DEPTH: 267
Best Score: 672
Best DNA: [21, 322, 267, 374, -457, -453, -74, -443, -364, -442, -135, -231, 0, -63, -393, -246, -471, -370, -160, 407, 496, 494, 29, 223, 430, 45, 41, 221, -205, -300, -395, 464, 383, 421, 292, 52, 206, 392, -295, -142, -269, -294, -466, -489, 411, 250, -251, -163, 70, 389, 34, 450, 8]
============================================================

============================================================
Trial 14
Timestamp: 2025-06-21 22:10:41.785324
Parameters:
  POP_SIZE: 539
  NUM_GENERATIONS: 148
  MUT_RATE: 0.259302755322044
  MUT_SIGMA: 5.384371402173236
  ELITE_SIZE: 10
  DNA_BOUNDS: [0, 500]
  RANK_DEPTH: 269
Best Score: 672
Best DNA: [26, 225, 238, 493, -466, -425, -258, -475, -496, -36, -119, -466, -2, -233, -381, -319, -390, -180, -498, 139, 376, 78, 63, 277, 468, 367, 294, 103, -229, -351, -263, 408, 78, 375, 375, 219, 381, 167, -491, -245, -328, -335, -388, -82, 436, 124, -264, -93, 67, 288, 38, 493, 13]
============================================================

============================================================
Trial 15
Timestamp: 2025-06-21 22:46:59.719224
Parameters:
  POP_SIZE: 538
  NUM_GENERATIONS: 148
  MUT_RATE: 0.7569730461134887
  MUT_SIGMA: 7.004703699410346
  ELITE_SIZE: 10
  DNA_BOUNDS: [0, 500]
  RANK_DEPTH: 269
Best Score: 665
Best DNA: [20, 423, 354, 202, -477, -422, -5, -217, -375, -13, -36, -208, -93, -262, -32, -121, -271, -437, -404, 323, 479, 127, 315, 378, 113, 58, 231, 474, -395, -300, -500, 394, 220, 168, 7, 156, 127, 223, -357, -295, -221, -500, -125, -474, 491, 185, -500, -425, 342, 30, 47, 177, 364]
============================================================

============================================================
Trial 16
Timestamp: 2025-06-21 23:21:58.509844
Parameters:
  POP_SIZE: 517
  NUM_GENERATIONS: 154
  MUT_RATE: 0.42700946781096544
  MUT_SIGMA: 5.652331212762975
  ELITE_SIZE: 10
  DNA_BOUNDS: [0, 500]
  RANK_DEPTH: 258
Best Score: 673
Best DNA: [21, 300, 367, 147, -493, -412, -44, -156, -481, -3, -485, -287, -176, -174, -458, -87, -385, -149, -163, 250, 130, 349, 1, 72, 319, 215, 437, 310, -201, -381, -433, 222, 28, 305, 305, 68, 96, 116, -18, -228, -206, -246, -313, -117, 435, 29, -488, -422, 122, 21, 30, 462, 190]
============================================================

============================================================
Trial 17
Timestamp: 2025-06-21 23:58:04.955548
Parameters:
  POP_SIZE: 510
  NUM_GENERATIONS: 156
  MUT_RATE: 0.47320022024363023
  MUT_SIGMA: 5.6551809535501
  ELITE_SIZE: 10
  DNA_BOUNDS: [0, 500]
  RANK_DEPTH: 255
Best Score: 668
Best DNA: [16, 42, 416, 71, -477, -382, -88, -138, -466, -3, -315, -428, -190, -140, -46, -77, -63, -414, -182, 237, 115, 39, 75, 12, 79, 54, 162, 293, -406, -401, -385, 137, 255, 108, 6, 249, 7, 375, -434, -450, -244, -274, -158, -209, 42, 41, -198, -321, 417, 283, 29, 257, 426]
============================================================

============================================================
Trial 18
Timestamp: 2025-06-22 00:34:17.163877
Parameters:
  POP_SIZE: 550
  NUM_GENERATIONS: 145
  MUT_RATE: 0.7375568989384786
  MUT_SIGMA: 5.603805509840222
  ELITE_SIZE: 10
  DNA_BOUNDS: [0, 500]
  RANK_DEPTH: 275
Best Score: 667
Best DNA: [22, 124, 432, 28, -438, -423, -96, -151, -458, 0, -451, -479, -44, -101, -463, -323, -277, -438, -295, 369, 20, 376, 105, 134, 262, 158, 331, 154, -326, -294, -365, 123, 235, 407, 192, 183, 449, 286, -379, -474, -69, -49, -153, -224, 118, 282, -351, -228, 87, 321, 34, 498, 1]
============================================================

============================================================
Trial 19
Timestamp: 2025-06-22 01:10:11.315145
Parameters:
  POP_SIZE: 529
  NUM_GENERATIONS: 151
  MUT_RATE: 0.3606096721469819
  MUT_SIGMA: 5.602076882646934
  ELITE_SIZE: 10
  DNA_BOUNDS: [0, 500]
  RANK_DEPTH: 264
Best Score: 672
Best DNA: [21, 81, 47, 445, -360, -445, -32, -457, -372, -68, -172, -487, -3, -95, -307, -121, -485, -267, -310, 219, 99, 12, 24, 165, 319, 300, 423, 337, -416, -346, -175, 378, 392, 31, 302, 81, 302, 42, -389, -266, -289, -414, -481, -445, 202, 355, -388, -218, 113, 173, 29, 480, 176]
============================================================

============================================================
Trial 20
Timestamp: 2025-06-22 01:45:11.955402
Parameters:
  POP_SIZE: 517
  NUM_GENERATIONS: 154
  MUT_RATE: 0.42495144192811485
  MUT_SIGMA: 5.6502077919476585
  ELITE_SIZE: 10
  DNA_BOUNDS: [0, 500]
  RANK_DEPTH: 258
Best Score: 673
Best DNA: [20, 489, 237, 297, -109, -295, -4, -361, -315, -12, -455, -421, -14, -211, -396, -440, -419, -81, -200, 443, 439, 123, 189, 224, 377, 35, 439, 74, -464, -491, -497, 48, 146, 189, 161, 274, 142, 390, -128, -459, -311, -405, -291, -493, 121, 98, -457, -173, 155, 290, 33, 201, 170]
============================================================

================================================================================
OPTIMIZATION COMPLETE
Total Trials: 20
Best Trial: 2
Best Score: 673
Best Parameters:
  POP_SIZE: 536
  NUM_GENERATIONS: 149
  MUT_RATE: 0.593132065302
  MUT_SIGMA: 5.832672140467239
  ELITE_SIZE: 10
  DNA_BOUNDS: [0, 500]
  RANK_DEPTH: 268
Best DNA: [18, 177, 78, 374, -325, -430, -4, -380, -314, -86, -159, -454, -1, -134, -426, -231, -289, -500, -212, 59, 486, 35, 11, 83, 339, 171, 316, 12, -491, -500, -443, 213, 248, 214, 58, 8, 121, 142, -444, -268, -384, -327, -198, -131, 179, 496, -500, -214, 27, 287, 29, 182, 224]
================================================================================

ALL TRIALS RANKED BY SCORE (BEST TO WORST):
================================================================================

Rank 1 (Score: 673):
  Parameters: {'POP_SIZE': 536, 'NUM_GENERATIONS': 149, 'MUT_RATE': 0.593132065302, 'MUT_SIGMA': 5.832672140467239, 'ELITE_SIZE': 10, 'DNA_BOUNDS': [0, 500], 'RANK_DEPTH': 268}
  DNA: [18, 177, 78, 374, -325, -430, -4, -380, -314, -86, -159, -454, -1, -134, -426, -231, -289, -500, -212, 59, 486, 35, 11, 83, 339, 171, 316, 12, -491, -500, -443, 213, 248, 214, 58, 8, 121, 142, -444, -268, -384, -327, -198, -131, 179, 496, -500, -214, 27, 287, 29, 182, 224]
  ----------------------------------------

Rank 2 (Score: 673):
  Parameters: {'POP_SIZE': 517, 'NUM_GENERATIONS': 154, 'MUT_RATE': 0.42700946781096544, 'MUT_SIGMA': 5.652331212762975, 'ELITE_SIZE': 10, 'DNA_BOUNDS': [0, 500], 'RANK_DEPTH': 258}
  DNA: [21, 300, 367, 147, -493, -412, -44, -156, -481, -3, -485, -287, -176, -174, -458, -87, -385, -149, -163, 250, 130, 349, 1, 72, 319, 215, 437, 310, -201, -381, -433, 222, 28, 305, 305, 68, 96, 116, -18, -228, -206, -246, -313, -117, 435, 29, -488, -422, 122, 21, 30, 462, 190]
  ----------------------------------------

Rank 3 (Score: 673):
  Parameters: {'POP_SIZE': 517, 'NUM_GENERATIONS': 154, 'MUT_RATE': 0.42495144192811485, 'MUT_SIGMA': 5.6502077919476585, 'ELITE_SIZE': 10, 'DNA_BOUNDS': [0, 500], 'RANK_DEPTH': 258}
  DNA: [20, 489, 237, 297, -109, -295, -4, -361, -315, -12, -455, -421, -14, -211, -396, -440, -419, -81, -200, 443, 439, 123, 189, 224, 377, 35, 439, 74, -464, -491, -497, 48, 146, 189, 161, 274, 142, 390, -128, -459, -311, -405, -291, -493, 121, 98, -457, -173, 155, 290, 33, 201, 170]
  ----------------------------------------

Rank 4 (Score: 672):
  Parameters: {'POP_SIZE': 535, 'NUM_GENERATIONS': 149, 'MUT_RATE': 0.6182302027875775, 'MUT_SIGMA': 5.806014522775889, 'ELITE_SIZE': 10, 'DNA_BOUNDS': [0, 500], 'RANK_DEPTH': 267}
  DNA: [21, 322, 267, 374, -457, -453, -74, -443, -364, -442, -135, -231, 0, -63, -393, -246, -471, -370, -160, 407, 496, 494, 29, 223, 430, 45, 41, 221, -205, -300, -395, 464, 383, 421, 292, 52, 206, 392, -295, -142, -269, -294, -466, -489, 411, 250, -251, -163, 70, 389, 34, 450, 8]
  ----------------------------------------

Rank 5 (Score: 672):
  Parameters: {'POP_SIZE': 539, 'NUM_GENERATIONS': 148, 'MUT_RATE': 0.259302755322044, 'MUT_SIGMA': 5.384371402173236, 'ELITE_SIZE': 10, 'DNA_BOUNDS': [0, 500], 'RANK_DEPTH': 269}
  DNA: [26, 225, 238, 493, -466, -425, -258, -475, -496, -36, -119, -466, -2, -233, -381, -319, -390, -180, -498, 139, 376, 78, 63, 277, 468, 367, 294, 103, -229, -351, -263, 408, 78, 375, 375, 219, 381, 167, -491, -245, -328, -335, -388, -82, 436, 124, -264, -93, 67, 288, 38, 493, 13]
  ----------------------------------------

Rank 6 (Score: 672):
  Parameters: {'POP_SIZE': 529, 'NUM_GENERATIONS': 151, 'MUT_RATE': 0.3606096721469819, 'MUT_SIGMA': 5.602076882646934, 'ELITE_SIZE': 10, 'DNA_BOUNDS': [0, 500], 'RANK_DEPTH': 264}
  DNA: [21, 81, 47, 445, -360, -445, -32, -457, -372, -68, -172, -487, -3, -95, -307, -121, -485, -267, -310, 219, 99, 12, 24, 165, 319, 300, 423, 337, -416, -346, -175, 378, 392, 31, 302, 81, 302, 42, -389, -266, -289, -414, -481, -445, 202, 355, -388, -218, 113, 173, 29, 480, 176]
  ----------------------------------------

Rank 7 (Score: 670):
  Parameters: {'POP_SIZE': 540, 'NUM_GENERATIONS': 148, 'MUT_RATE': 0.47812925854210614, 'MUT_SIGMA': 2.51068610827899, 'ELITE_SIZE': 10, 'DNA_BOUNDS': [0, 500], 'RANK_DEPTH': 270}
  DNA: [29, 428, 348, 124, -340, -300, -6, -157, -493, 0, -448, -375, -335, -405, -225, -235, -312, -482, -398, 199, 333, 312, 225, 208, 414, 399, 383, 336, -410, -429, -458, 66, 101, 455, 106, 30, 5, 330, -75, -373, -252, -68, -318, -491, 75, 52, -144, -331, 43, 196, 33, 183, 430]
  ----------------------------------------

Rank 8 (Score: 670):
  Parameters: {'POP_SIZE': 1213, 'NUM_GENERATIONS': 65, 'MUT_RATE': 0.6278311293550027, 'MUT_SIGMA': 9.447891067348179, 'ELITE_SIZE': 10, 'DNA_BOUNDS': [0, 500], 'RANK_DEPTH': 606}
  DNA: [20, 62, 272, 400, -477, -408, -2, -413, -319, -360, -168, -306, -8, -246, -475, -45, -271, -421, -450, 414, 296, 252, 102, 148, 365, 474, 338, 193, -368, -239, -252, 169, 71, 415, 10, 390, 95, 182, -307, -436, -17, -437, -310, -390, 215, 87, -475, -71, 62, 219, 45, 376, 55]
  ----------------------------------------

Rank 9 (Score: 669):
  Parameters: {'POP_SIZE': 1435, 'NUM_GENERATIONS': 55, 'MUT_RATE': 0.5024907921989624, 'MUT_SIGMA': 5.699421452788252, 'ELITE_SIZE': 10, 'DNA_BOUNDS': [0, 500], 'RANK_DEPTH': 717}
  DNA: [7, 479, 126, 56, -420, -361, -6, -275, -229, -336, -234, -493, -136, -90, -449, -74, -499, -486, -320, 34, 403, 77, 29, 50, 118, 311, 332, 191, -424, -335, -444, 65, 199, 274, 306, 10, 260, 329, -14, -424, -178, -486, -412, -481, 489, 134, -358, -179, 14, 371, 29, 406, 28]
  ----------------------------------------

Rank 10 (Score: 669):
  Parameters: {'POP_SIZE': 926, 'NUM_GENERATIONS': 86, 'MUT_RATE': 0.24940729968089256, 'MUT_SIGMA': 5.879195640366132, 'ELITE_SIZE': 10, 'DNA_BOUNDS': [0, 500], 'RANK_DEPTH': 463}
  DNA: [22, 123, 349, 418, -439, -494, -192, -398, -491, -3, -132, -494, -6, -180, -29, -182, -133, -499, -3, 171, 348, 147, 303, 166, 199, 173, 117, 28, -263, -269, -214, 209, 219, 63, 86, 4, 48, 461, -455, -446, -395, -196, -315, -497, 31, 202, -439, -407, 401, 380, 45, 116, 287]
  ----------------------------------------

Rank 11 (Score: 668):
  Parameters: {'POP_SIZE': 510, 'NUM_GENERATIONS': 156, 'MUT_RATE': 0.47320022024363023, 'MUT_SIGMA': 5.6551809535501, 'ELITE_SIZE': 10, 'DNA_BOUNDS': [0, 500], 'RANK_DEPTH': 255}
  DNA: [16, 42, 416, 71, -477, -382, -88, -138, -466, -3, -315, -428, -190, -140, -46, -77, -63, -414, -182, 237, 115, 39, 75, 12, 79, 54, 162, 293, -406, -401, -385, 137, 255, 108, 6, 249, 7, 375, -434, -450, -244, -274, -158, -209, 42, 41, -198, -321, 417, 283, 29, 257, 426]
  ----------------------------------------

Rank 12 (Score: 667):
  Parameters: {'POP_SIZE': 518, 'NUM_GENERATIONS': 154, 'MUT_RATE': 0.24489111063754335, 'MUT_SIGMA': 8.60025101097433, 'ELITE_SIZE': 10, 'DNA_BOUNDS': [0, 500], 'RANK_DEPTH': 259}
  DNA: [8, 108, 243, 397, -311, -414, -23, -411, -226, -206, -150, -488, 0, -241, -414, -299, -144, -364, -273, 378, 111, 18, 220, 33, 333, 281, 265, 39, -451, -200, -382, 41, 33, 92, 294, 332, 218, 341, -391, -155, -23, -473, -106, -94, 242, 1, -333, -424, 368, 266, 34, 137, 316]
  ----------------------------------------

Rank 13 (Score: 667):
  Parameters: {'POP_SIZE': 1696, 'NUM_GENERATIONS': 47, 'MUT_RATE': 0.5578029563483207, 'MUT_SIGMA': 4.487353642255278, 'ELITE_SIZE': 10, 'DNA_BOUNDS': [0, 500], 'RANK_DEPTH': 848}
  DNA: [20, 113, 114, 405, -353, -499, -203, -375, -343, -256, -152, -492, -1, -170, -48, -139, -368, -472, -175, 234, 422, 149, 15, 440, 89, 29, 281, 67, -450, -360, -446, 241, 36, 160, 82, 44, 202, 372, -334, -305, -194, -491, -485, -236, 300, 455, -487, -340, 87, 392, 44, 76, 171]
  ----------------------------------------

Rank 14 (Score: 667):
  Parameters: {'POP_SIZE': 550, 'NUM_GENERATIONS': 145, 'MUT_RATE': 0.7375568989384786, 'MUT_SIGMA': 5.603805509840222, 'ELITE_SIZE': 10, 'DNA_BOUNDS': [0, 500], 'RANK_DEPTH': 275}
  DNA: [22, 124, 432, 28, -438, -423, -96, -151, -458, 0, -451, -479, -44, -101, -463, -323, -277, -438, -295, 369, 20, 376, 105, 134, 262, 158, 331, 154, -326, -294, -365, 123, 235, 407, 192, 183, 449, 286, -379, -474, -69, -49, -153, -224, 118, 282, -351, -228, 87, 321, 34, 498, 1]
  ----------------------------------------

Rank 15 (Score: 666):
  Parameters: {'POP_SIZE': 1082, 'NUM_GENERATIONS': 73, 'MUT_RATE': 0.700857217924634, 'MUT_SIGMA': 9.753166036999728, 'ELITE_SIZE': 10, 'DNA_BOUNDS': [0, 500], 'RANK_DEPTH': 541}
  DNA: [19, 472, 265, 270, -100, -384, -5, -475, -431, -3, -463, -493, -371, -65, -402, -89, -190, -175, -476, 178, 362, 56, 283, 78, 205, 236, 116, 233, -433, -244, -456, 41, 2, 235, 185, 419, 116, 254, -324, -273, -388, -111, -465, -274, 144, 177, -236, -366, 145, 315, 30, 255, 243]
  ----------------------------------------

Rank 16 (Score: 666):
  Parameters: {'POP_SIZE': 753, 'NUM_GENERATIONS': 106, 'MUT_RATE': 0.6026003845294707, 'MUT_SIGMA': 5.835713345565551, 'ELITE_SIZE': 10, 'DNA_BOUNDS': [0, 500], 'RANK_DEPTH': 376}
  DNA: [26, 243, 319, 425, -346, -475, -65, -457, -427, -149, -141, -329, -6, -132, -187, -285, -278, -279, -472, 36, 42, 320, 227, 437, 395, 90, 155, 412, -394, -268, -362, 466, 223, 225, 130, 52, 199, 235, -320, -420, -59, -225, -465, -496, 259, 60, -295, -430, 366, 149, 33, 381, 424]
  ----------------------------------------

Rank 17 (Score: 665):
  Parameters: {'POP_SIZE': 690, 'NUM_GENERATIONS': 115, 'MUT_RATE': 0.6534009331611871, 'MUT_SIGMA': 4.317158710009648, 'ELITE_SIZE': 10, 'DNA_BOUNDS': [0, 500], 'RANK_DEPTH': 345}
  DNA: [3, 99, 155, 384, -261, -466, 0, -299, -190, -4, -385, -490, -2, -136, -287, -197, -378, -15, -477, 27, 43, 135, 28, 440, 107, 38, 263, 206, -336, -465, -407, 355, 226, 249, 164, 370, 119, 76, -239, -333, -229, -149, -110, -344, 455, 457, -32, -356, 383, 55, 30, 437, 81]
  ----------------------------------------

Rank 18 (Score: 665):
  Parameters: {'POP_SIZE': 538, 'NUM_GENERATIONS': 148, 'MUT_RATE': 0.7569730461134887, 'MUT_SIGMA': 7.004703699410346, 'ELITE_SIZE': 10, 'DNA_BOUNDS': [0, 500], 'RANK_DEPTH': 269}
  DNA: [20, 423, 354, 202, -477, -422, -5, -217, -375, -13, -36, -208, -93, -262, -32, -121, -271, -437, -404, 323, 479, 127, 315, 378, 113, 58, 231, 474, -395, -300, -500, 394, 220, 168, 7, 156, 127, 223, -357, -295, -221, -500, -125, -474, 491, 185, -500, -425, 342, 30, 47, 177, 364]
  ----------------------------------------

Rank 19 (Score: 664):
  Parameters: {'POP_SIZE': 709, 'NUM_GENERATIONS': 112, 'MUT_RATE': 0.3239310464533946, 'MUT_SIGMA': 3.7716062323652353, 'ELITE_SIZE': 10, 'DNA_BOUNDS': [0, 500], 'RANK_DEPTH': 354}
  DNA: [5, 424, 22, 141, -175, -393, -1, -350, -278, -17, -430, -303, 0, -144, -465, -241, -107, -417, -149, 199, 342, 490, 231, 372, 364, 24, 442, 145, -253, -314, -341, 167, 3, 410, 337, 322, 202, 274, -282, -216, -171, -123, -146, -346, 94, 355, -301, -205, 436, 218, 44, 446, 122]
  ----------------------------------------

Rank 20 (Score: 664):
  Parameters: {'POP_SIZE': 568, 'NUM_GENERATIONS': 140, 'MUT_RATE': 0.5264941199274906, 'MUT_SIGMA': 7.414962374938672, 'ELITE_SIZE': 10, 'DNA_BOUNDS': [0, 500], 'RANK_DEPTH': 284}
  DNA: [7, 5, 469, 361, -462, -382, -50, -111, -417, -1, -284, -497, -12, -91, -133, -54, -383, -35, -417, 328, 6, 494, 208, 431, 190, 408, 445, 122, -360, -330, -236, 324, 181, 46, 56, 178, 89, 31, -350, -263, -129, -131, -151, -336, 397, 26, -492, -393, 288, 199, 33, 492, 112]
  ----------------------------------------
