Multiple GA Runs Summary
========================
Configuration: small
Optimization level: 4
Strategy: progressive
Processes: 2
Generations: 1
Total runs: 2
Successful: 2
Failed: 0
Total time: 6.72 seconds
Average time per run: 3.36 seconds

Best DNA from Each Run:
=======================
Run 1: Score=355 (Exp:155, Cont:200) Gen:0, Non-zero:58
  DNA: [253, 222, 239, 73, -88, 173, 145, 438, 405, -386, -175, -128, -155, -266, -73, -370, -107, -331, -315, -435, -46, -4, -228, -413, 129, 395, 220, 322, 115, 324, 292, 272, 253, -207, -26, -115, 448, 414, 373, 311, 1, 134, 260, -163, -130, -426, -421, -97, -103, 120, 222, -96, -310, 442, 241, 43, 364, 152]

Run 2: Score=365 (Exp:165, Cont:200) Gen:0, Non-zero:58
  DNA: [238, 151, 457, 354, -86, 412, 438, 153, 127, -45, -456, -135, -15, -109, -263, -457, -78, -488, -60, -65, -222, -377, -358, -436, 181, 333, 299, 238, 327, 364, 496, 419, 78, -196, -158, -234, 179, 111, 427, 495, 339, 128, 57, -65, -479, -471, -63, -325, -147, 386, 178, -443, -496, 431, 416, 13, 179, 454]

Overall Best DNA (Run 2):
Score: 365 (Exp:165, Cont:200)
Generation: 0, Non-zero weights: 58
DNA Vector: [238, 151, 457, 354, -86, 412, 438, 153, 127, -45, -456, -135, -15, -109, -263, -457, -78, -488, -60, -65, -222, -377, -358, -436, 181, 333, 299, 238, 327, 364, 496, 419, 78, -196, -158, -234, 179, 111, 427, 495, 339, 128, 57, -65, -479, -471, -63, -325, -147, 386, 178, -443, -496, 431, 416, 13, 179, 454]


Detailed Results:
  Run 1: success (3.50s) - results/multiple_runs_small_opt4_20250824_153420/run_001
  Run 2: success (3.08s) - results/multiple_runs_small_opt4_20250824_153420/run_002
