BAYESIAN OPTIMIZATION SUMMARY
================================================================================
Start Time: 2025-06-22 11:04:57.860643
Number of Calls: 20
Max Simulations: 80000
Output Directory: results/bayes_20250622_110457
================================================================================


============================================================
Trial 1
Timestamp: 2025-06-22 11:40:52.124251
Parameters:
  POP_SIZE: 623
  NUM_GENERATIONS: 128
  MUT_RATE: 0.2646706777853737
  MUT_SIGMA: 1.0544800460646826
  ELITE_SIZE: 10
  DNA_BOUNDS: [0, 500]
  RANK_DEPTH: 311
Best Score: 674
Best DNA: [37, 435, 209, 194, -73, -403, -6, -446, -440, -179, -346, -304, -34, -255, -128, -391, -103, -286, -500, 155, 462, 245, 118, 203, 92, 1, 104, 86, -339, -500, -465, 232, 394, 17, 220, 336, 119, 400, -398, -436, -217, -464, -222, -346, 66, 5, -471, -310, 97, 160, 22, 377, 492]
============================================================

============================================================
Trial 2
Timestamp: 2025-06-22 12:16:27.292435
Parameters:
  POP_SIZE: 553
  NUM_GENERATIONS: 144
  MUT_RATE: 0.6961193425842265
  MUT_SIGMA: 8.359190317572939
  ELITE_SIZE: 10
  DNA_BOUNDS: [0, 500]
  RANK_DEPTH: 276
Best Score: 666
Best DNA: [11, 253, 401, 77, -288, -420, -133, -244, -289, -9, -486, -427, -3, -364, -216, -57, -201, -477, -352, 262, 19, 261, 30, 380, 158, 60, 400, 136, -255, -436, -355, 87, 438, 124, 173, 29, 196, 359, -221, -495, -468, -307, -476, -14, 175, 324, -220, -445, 1, 199, 35, 295, 460]
============================================================

============================================================
Trial 3
Timestamp: 2025-06-22 12:54:24.313931
Parameters:
  POP_SIZE: 1347
  NUM_GENERATIONS: 59
  MUT_RATE: 0.7342356190563799
  MUT_SIGMA: 1.78738982342927
  ELITE_SIZE: 10
  DNA_BOUNDS: [0, 500]
  RANK_DEPTH: 673
Best Score: 672
Best DNA: [5, 239, 0, 442, -459, -193, -12, -323, -327, -110, -113, -416, -7, -90, -461, -136, -493, -310, -394, 342, 141, 306, 42, 381, 232, 454, 399, 215, -407, -380, -409, 73, 101, 252, 500, 345, 14, 277, -438, -269, -209, -428, -372, -384, 245, 371, -303, -478, 430, 234, 35, 391, 147]
============================================================

============================================================
Trial 4
Timestamp: 2025-06-22 13:31:51.689110
Parameters:
  POP_SIZE: 1545
  NUM_GENERATIONS: 51
  MUT_RATE: 0.7227724277886853
  MUT_SIGMA: 5.700451266578737
  ELITE_SIZE: 10
  DNA_BOUNDS: [0, 500]
  RANK_DEPTH: 772
Best Score: 667
Best DNA: [0, 178, 173, 435, -424, -276, -19, -320, -482, -14, -128, -444, -8, -141, -14, -327, -312, -313, -18, 224, 468, 15, 103, 7, 14, 425, 20, 233, -446, -459, -454, 80, 57, 22, 128, 433, 38, 322, -473, -353, -204, -151, -394, -254, 270, 124, -296, -269, 471, 341, 30, 231, 220]
============================================================

============================================================
Trial 5
Timestamp: 2025-06-22 14:09:43.175373
Parameters:
  POP_SIZE: 1816
  NUM_GENERATIONS: 44
  MUT_RATE: 0.663312266466636
  MUT_SIGMA: 5.467232118643337
  ELITE_SIZE: 10
  DNA_BOUNDS: [0, 500]
  RANK_DEPTH: 908
Best Score: 667
Best DNA: [7, 272, 138, 406, -479, -433, -88, -488, -273, -8, -119, -391, -3, -330, -217, -90, -257, -484, -299, 362, 124, 239, 137, 192, 272, 398, 470, 325, -230, -372, -432, 22, 17, 27, 46, 109, 170, 409, -397, -473, -273, -93, -281, -152, 165, 59, -370, -241, 433, 272, 35, 199, 274]
============================================================

============================================================
Trial 6
Timestamp: 2025-06-22 14:44:27.872487
Parameters:
  POP_SIZE: 508
  NUM_GENERATIONS: 157
  MUT_RATE: 0.26255050189415463
  MUT_SIGMA: 6.219520374136813
  ELITE_SIZE: 10
  DNA_BOUNDS: [0, 500]
  RANK_DEPTH: 254
Best Score: 672
Best DNA: [4, 413, 26, 326, -55, -419, -2, -467, -383, -39, -271, -278, -114, -206, -338, -18, -364, -227, -14, 194, 82, 320, 190, 42, 378, 111, 145, 267, -178, -437, -365, 344, 100, 209, 400, 252, 74, 419, -326, -387, -389, -220, -72, -289, 157, 61, -478, -290, 111, 336, 29, 274, 372]
============================================================

============================================================
Trial 7
Timestamp: 2025-06-22 15:22:05.524064
Parameters:
  POP_SIZE: 702
  NUM_GENERATIONS: 113
  MUT_RATE: 0.3912822754692553
  MUT_SIGMA: 0.3300706546580006
  ELITE_SIZE: 10
  DNA_BOUNDS: [0, 500]
  RANK_DEPTH: 351
Best Score: 666
Best DNA: [3, 350, 399, 264, -477, -497, -10, -173, -375, -5, -441, -313, -212, -214, -245, -440, -401, -48, -455, 156, 386, 418, 58, 434, 79, 88, 443, 63, -373, -377, -400, 74, 457, 413, 171, 365, 154, 150, -164, -255, -319, -217, -476, -459, 302, 33, -394, -162, 398, 53, 34, 409, 344]
============================================================

============================================================
Trial 8
Timestamp: 2025-06-22 15:58:42.004235
Parameters:
  POP_SIZE: 1360
  NUM_GENERATIONS: 58
  MUT_RATE: 0.627852837871581
  MUT_SIGMA: 7.487338119867518
  ELITE_SIZE: 10
  DNA_BOUNDS: [0, 500]
  RANK_DEPTH: 680
Best Score: 668
Best DNA: [13, 117, 28, 417, -463, -421, -12, -414, -350, -107, -90, -478, -1, -54, -223, -107, -459, -36, -444, 12, 75, 152, 169, 168, 315, 375, 256, 342, -264, -478, -418, 102, 251, 29, 2, 102, 39, 447, -347, -482, -475, -183, -319, -481, 162, 184, -327, -197, 78, 67, 40, 265, 306]
============================================================

============================================================
Trial 9
Timestamp: 2025-06-22 16:34:35.076245
Parameters:
  POP_SIZE: 1018
  NUM_GENERATIONS: 78
  MUT_RATE: 0.5867640346914205
  MUT_SIGMA: 7.724307004163417
  ELITE_SIZE: 10
  DNA_BOUNDS: [0, 500]
  RANK_DEPTH: 509
Best Score: 673
Best DNA: [26, 438, 18, 129, -108, -263, -6, -484, -498, -444, -441, -358, -152, -307, -476, -158, -499, -377, -473, 426, 130, 351, 24, 57, 292, 484, 56, 290, -442, -389, -467, 53, 151, 214, 169, 216, 63, 305, -491, -152, -160, -223, -472, -491, 113, 43, -400, -126, 35, 175, 30, 371, 57]
============================================================

============================================================
Trial 10
Timestamp: 2025-06-22 17:10:00.228403
Parameters:
  POP_SIZE: 1820
  NUM_GENERATIONS: 43
  MUT_RATE: 0.3445680992070582
  MUT_SIGMA: 9.211125651790535
  ELITE_SIZE: 10
  DNA_BOUNDS: [0, 500]
  RANK_DEPTH: 910
Best Score: 677
Best DNA: [42, 116, 280, 433, -475, -335, 0, -465, -447, -49, -56, -375, -5, -248, -377, -228, -401, -421, -280, 146, 429, 44, 109, 258, 416, 438, 227, 164, -416, -308, -311, 439, 12, 155, 130, 164, 16, 468, -407, -307, -58, -353, -396, -387, 11, 61, -440, -316, 405, 380, 47, 325, 5]
============================================================

============================================================
Trial 11
Timestamp: 2025-06-22 17:47:14.327476
Parameters:
  POP_SIZE: 1897
  NUM_GENERATIONS: 42
  MUT_RATE: 0.3254330116499849
  MUT_SIGMA: 10.0
  ELITE_SIZE: 10
  DNA_BOUNDS: [0, 500]
  RANK_DEPTH: 948
Best Score: 666
Best DNA: [17, 378, 56, 296, -428, -296, -2, -472, -467, -88, -427, -288, -128, -118, -266, -415, -240, -471, -446, 95, 127, 480, 274, 417, 387, 90, 461, 162, -401, -421, -414, 343, 205, 325, 92, 303, 397, 415, -462, -368, -185, -243, -28, -391, 143, 275, -127, -366, 48, 393, 33, 107, 348]
============================================================

============================================================
Trial 12
Timestamp: 2025-06-22 18:23:57.048457
Parameters:
  POP_SIZE: 1742
  NUM_GENERATIONS: 45
  MUT_RATE: 0.34513906230406244
  MUT_SIGMA: 3.3454089513897816
  ELITE_SIZE: 10
  DNA_BOUNDS: [0, 500]
  RANK_DEPTH: 871
Best Score: 666
Best DNA: [13, 101, 85, 393, -441, -319, -3, -497, -338, -87, -90, -395, -8, -325, -330, -107, -220, -422, -328, 295, 86, 44, 65, 41, 305, 222, 93, 76, -163, -376, -480, 156, 294, 218, 78, 63, 101, 451, -413, -168, -168, -135, -396, -453, 459, 90, -269, -414, 280, 112, 28, 241, 385]
============================================================

============================================================
Trial 13
Timestamp: 2025-06-22 19:00:22.883159
Parameters:
  POP_SIZE: 1832
  NUM_GENERATIONS: 43
  MUT_RATE: 0.3255056874186484
  MUT_SIGMA: 9.194600765870103
  ELITE_SIZE: 10
  DNA_BOUNDS: [0, 500]
  RANK_DEPTH: 916
Best Score: 667
Best DNA: [12, 419, 147, 291, -114, -331, -4, -466, -391, -388, -383, -452, -116, -43, -198, -357, -235, -342, -14, 78, 4, 382, 421, 166, 190, 28, 109, 327, -489, -366, -413, 459, 153, 194, 31, 37, 27, 276, -339, -369, -22, -499, -368, -441, 183, 117, -490, -414, 44, 148, 30, 333, 411]
============================================================

============================================================
Trial 14
Timestamp: 2025-06-22 19:36:54.224399
Parameters:
  POP_SIZE: 1776
  NUM_GENERATIONS: 45
  MUT_RATE: 0.3436452071512383
  MUT_SIGMA: 8.267856775503581
  ELITE_SIZE: 10
  DNA_BOUNDS: [0, 500]
  RANK_DEPTH: 888
Best Score: 673
Best DNA: [14, 194, 356, 9, -347, -487, -202, -231, -356, -3, -475, -474, -12, -158, -403, -92, -370, -274, -152, 333, 200, 147, 150, 273, 471, 19, 8, 245, -488, -492, -436, 295, 463, 174, 38, 59, 24, 92, -417, -466, -364, -158, -434, -419, 405, 416, -461, -128, 183, 45, 29, 356, 34]
============================================================

============================================================
Trial 15
Timestamp: 2025-06-22 20:14:13.513096
Parameters:
  POP_SIZE: 1765
  NUM_GENERATIONS: 45
  MUT_RATE: 0.3446185474703982
  MUT_SIGMA: 9.256700395240726
  ELITE_SIZE: 10
  DNA_BOUNDS: [0, 500]
  RANK_DEPTH: 882
Best Score: 670
Best DNA: [16, 481, 275, 20, -99, -398, -7, -463, -449, -219, -441, -409, -9, -332, -349, -170, -387, -420, -486, 200, 54, 63, 124, 245, 333, 197, 418, 168, -417, -371, -378, 250, 40, 59, 26, 169, 46, 173, -324, -191, -307, -311, -52, -496, 494, 90, -334, -143, 38, 160, 28, 355, 345]
============================================================

============================================================
Trial 16
Timestamp: 2025-06-22 20:49:26.421670
Parameters:
  POP_SIZE: 1821
  NUM_GENERATIONS: 43
  MUT_RATE: 0.34426172962164825
  MUT_SIGMA: 8.822166517791171
  ELITE_SIZE: 10
  DNA_BOUNDS: [0, 500]
  RANK_DEPTH: 910
Best Score: 673
Best DNA: [2, 487, 62, 302, -138, -469, -2, -406, -392, -339, -495, -344, -26, -177, -411, -267, -479, -478, -302, 381, 476, 324, 55, 244, 478, 27, 470, 421, -462, -444, -479, 15, 42, 186, 327, 204, 169, 215, -401, -217, -272, -364, -448, -493, 20, 64, -353, -55, 123, 273, 26, 437, 79]
============================================================

============================================================
Trial 17
Timestamp: 2025-06-22 21:25:08.986380
Parameters:
  POP_SIZE: 1863
  NUM_GENERATIONS: 42
  MUT_RATE: 0.34548896386568323
  MUT_SIGMA: 9.92318125465879
  ELITE_SIZE: 10
  DNA_BOUNDS: [0, 500]
  RANK_DEPTH: 931
Best Score: 672
Best DNA: [19, 181, 434, 117, -474, -294, -107, -70, -480, 0, -436, -208, -101, -285, -499, -304, -450, -146, -376, 291, 146, 299, 24, 118, 426, 310, 180, 395, -307, -465, -410, 334, 149, 492, 47, 1, 39, 408, -53, -4, -484, -334, -74, -450, 348, 39, -453, -114, 100, 273, 30, 432, 115]
============================================================

============================================================
Trial 18
Timestamp: 2025-06-22 22:00:38.593268
Parameters:
  POP_SIZE: 748
  NUM_GENERATIONS: 106
  MUT_RATE: 0.2606020476463927
  MUT_SIGMA: 2.595080447692195
  ELITE_SIZE: 10
  DNA_BOUNDS: [0, 500]
  RANK_DEPTH: 374
Best Score: 672
Best DNA: [5, 267, 86, 467, -480, -468, -238, -494, -499, -409, -61, -465, 0, -205, -352, -59, -440, -218, -69, 481, 131, 112, 21, 104, 454, 437, 331, 213, -396, -334, -489, 296, 339, 216, 315, 465, 141, 257, -232, -138, -250, -182, -199, -488, 76, 394, -440, -186, 92, 189, 35, 338, 17]
============================================================

============================================================
Trial 19
Timestamp: 2025-06-22 22:36:50.200800
Parameters:
  POP_SIZE: 651
  NUM_GENERATIONS: 122
  MUT_RATE: 0.2689414047073827
  MUT_SIGMA: 2.8160771977314005
  ELITE_SIZE: 10
  DNA_BOUNDS: [0, 500]
  RANK_DEPTH: 325
Best Score: 671
Best DNA: [3, 128, 14, 448, -410, -438, -7, -460, -275, -288, -110, -492, -8, -414, -486, -78, -214, -328, -192, 339, 388, 401, 48, 146, 443, 452, 400, 233, -445, -308, -287, 70, 306, 33, 299, 113, 87, 95, -441, -144, -376, -62, -391, -304, 422, 412, -385, -144, 59, 32, 41, 329, 52]
============================================================

============================================================
Trial 20
Timestamp: 2025-06-22 23:14:23.149798
Parameters:
  POP_SIZE: 1550
  NUM_GENERATIONS: 51
  MUT_RATE: 0.25852163974037806
  MUT_SIGMA: 0.2
  ELITE_SIZE: 10
  DNA_BOUNDS: [0, 500]
  RANK_DEPTH: 775
Best Score: 667
Best DNA: [20, 343, 101, 420, -274, -491, -167, -495, -352, -3, -181, -338, -5, -26, -94, -238, -303, -17, -303, 409, 477, 121, 230, 495, 407, 149, 393, 222, -185, -360, -455, 16, 119, 81, 217, 253, 174, 421, -236, -93, -311, -129, -372, -190, 318, 28, -368, -268, 20, 316, 32, 166, 283]
============================================================

================================================================================
OPTIMIZATION COMPLETE
Total Trials: 20
Best Trial: 2
Best Score: 677
Best Parameters:
  POP_SIZE: 1820
  NUM_GENERATIONS: 43
  MUT_RATE: 0.3445680992070582
  MUT_SIGMA: 9.211125651790535
  ELITE_SIZE: 10
  DNA_BOUNDS: [0, 500]
  RANK_DEPTH: 910
Best DNA: [42, 116, 280, 433, -475, -335, 0, -465, -447, -49, -56, -375, -5, -248, -377, -228, -401, -421, -280, 146, 429, 44, 109, 258, 416, 438, 227, 164, -416, -308, -311, 439, 12, 155, 130, 164, 16, 468, -407, -307, -58, -353, -396, -387, 11, 61, -440, -316, 405, 380, 47, 325, 5]
================================================================================

ALL TRIALS RANKED BY SCORE (BEST TO WORST):
================================================================================

Rank 1 (Score: 677):
  Parameters: {'POP_SIZE': 1820, 'NUM_GENERATIONS': 43, 'MUT_RATE': 0.3445680992070582, 'MUT_SIGMA': 9.211125651790535, 'ELITE_SIZE': 10, 'DNA_BOUNDS': [0, 500], 'RANK_DEPTH': 910}
  DNA: [42, 116, 280, 433, -475, -335, 0, -465, -447, -49, -56, -375, -5, -248, -377, -228, -401, -421, -280, 146, 429, 44, 109, 258, 416, 438, 227, 164, -416, -308, -311, 439, 12, 155, 130, 164, 16, 468, -407, -307, -58, -353, -396, -387, 11, 61, -440, -316, 405, 380, 47, 325, 5]
  ----------------------------------------

Rank 2 (Score: 674):
  Parameters: {'POP_SIZE': 623, 'NUM_GENERATIONS': 128, 'MUT_RATE': 0.2646706777853737, 'MUT_SIGMA': 1.0544800460646826, 'ELITE_SIZE': 10, 'DNA_BOUNDS': [0, 500], 'RANK_DEPTH': 311}
  DNA: [37, 435, 209, 194, -73, -403, -6, -446, -440, -179, -346, -304, -34, -255, -128, -391, -103, -286, -500, 155, 462, 245, 118, 203, 92, 1, 104, 86, -339, -500, -465, 232, 394, 17, 220, 336, 119, 400, -398, -436, -217, -464, -222, -346, 66, 5, -471, -310, 97, 160, 22, 377, 492]
  ----------------------------------------

Rank 3 (Score: 673):
  Parameters: {'POP_SIZE': 1018, 'NUM_GENERATIONS': 78, 'MUT_RATE': 0.5867640346914205, 'MUT_SIGMA': 7.724307004163417, 'ELITE_SIZE': 10, 'DNA_BOUNDS': [0, 500], 'RANK_DEPTH': 509}
  DNA: [26, 438, 18, 129, -108, -263, -6, -484, -498, -444, -441, -358, -152, -307, -476, -158, -499, -377, -473, 426, 130, 351, 24, 57, 292, 484, 56, 290, -442, -389, -467, 53, 151, 214, 169, 216, 63, 305, -491, -152, -160, -223, -472, -491, 113, 43, -400, -126, 35, 175, 30, 371, 57]
  ----------------------------------------

Rank 4 (Score: 673):
  Parameters: {'POP_SIZE': 1776, 'NUM_GENERATIONS': 45, 'MUT_RATE': 0.3436452071512383, 'MUT_SIGMA': 8.267856775503581, 'ELITE_SIZE': 10, 'DNA_BOUNDS': [0, 500], 'RANK_DEPTH': 888}
  DNA: [14, 194, 356, 9, -347, -487, -202, -231, -356, -3, -475, -474, -12, -158, -403, -92, -370, -274, -152, 333, 200, 147, 150, 273, 471, 19, 8, 245, -488, -492, -436, 295, 463, 174, 38, 59, 24, 92, -417, -466, -364, -158, -434, -419, 405, 416, -461, -128, 183, 45, 29, 356, 34]
  ----------------------------------------

Rank 5 (Score: 673):
  Parameters: {'POP_SIZE': 1821, 'NUM_GENERATIONS': 43, 'MUT_RATE': 0.34426172962164825, 'MUT_SIGMA': 8.822166517791171, 'ELITE_SIZE': 10, 'DNA_BOUNDS': [0, 500], 'RANK_DEPTH': 910}
  DNA: [2, 487, 62, 302, -138, -469, -2, -406, -392, -339, -495, -344, -26, -177, -411, -267, -479, -478, -302, 381, 476, 324, 55, 244, 478, 27, 470, 421, -462, -444, -479, 15, 42, 186, 327, 204, 169, 215, -401, -217, -272, -364, -448, -493, 20, 64, -353, -55, 123, 273, 26, 437, 79]
  ----------------------------------------

Rank 6 (Score: 672):
  Parameters: {'POP_SIZE': 1347, 'NUM_GENERATIONS': 59, 'MUT_RATE': 0.7342356190563799, 'MUT_SIGMA': 1.78738982342927, 'ELITE_SIZE': 10, 'DNA_BOUNDS': [0, 500], 'RANK_DEPTH': 673}
  DNA: [5, 239, 0, 442, -459, -193, -12, -323, -327, -110, -113, -416, -7, -90, -461, -136, -493, -310, -394, 342, 141, 306, 42, 381, 232, 454, 399, 215, -407, -380, -409, 73, 101, 252, 500, 345, 14, 277, -438, -269, -209, -428, -372, -384, 245, 371, -303, -478, 430, 234, 35, 391, 147]
  ----------------------------------------

Rank 7 (Score: 672):
  Parameters: {'POP_SIZE': 508, 'NUM_GENERATIONS': 157, 'MUT_RATE': 0.26255050189415463, 'MUT_SIGMA': 6.219520374136813, 'ELITE_SIZE': 10, 'DNA_BOUNDS': [0, 500], 'RANK_DEPTH': 254}
  DNA: [4, 413, 26, 326, -55, -419, -2, -467, -383, -39, -271, -278, -114, -206, -338, -18, -364, -227, -14, 194, 82, 320, 190, 42, 378, 111, 145, 267, -178, -437, -365, 344, 100, 209, 400, 252, 74, 419, -326, -387, -389, -220, -72, -289, 157, 61, -478, -290, 111, 336, 29, 274, 372]
  ----------------------------------------

Rank 8 (Score: 672):
  Parameters: {'POP_SIZE': 1863, 'NUM_GENERATIONS': 42, 'MUT_RATE': 0.34548896386568323, 'MUT_SIGMA': 9.92318125465879, 'ELITE_SIZE': 10, 'DNA_BOUNDS': [0, 500], 'RANK_DEPTH': 931}
  DNA: [19, 181, 434, 117, -474, -294, -107, -70, -480, 0, -436, -208, -101, -285, -499, -304, -450, -146, -376, 291, 146, 299, 24, 118, 426, 310, 180, 395, -307, -465, -410, 334, 149, 492, 47, 1, 39, 408, -53, -4, -484, -334, -74, -450, 348, 39, -453, -114, 100, 273, 30, 432, 115]
  ----------------------------------------

Rank 9 (Score: 672):
  Parameters: {'POP_SIZE': 748, 'NUM_GENERATIONS': 106, 'MUT_RATE': 0.2606020476463927, 'MUT_SIGMA': 2.595080447692195, 'ELITE_SIZE': 10, 'DNA_BOUNDS': [0, 500], 'RANK_DEPTH': 374}
  DNA: [5, 267, 86, 467, -480, -468, -238, -494, -499, -409, -61, -465, 0, -205, -352, -59, -440, -218, -69, 481, 131, 112, 21, 104, 454, 437, 331, 213, -396, -334, -489, 296, 339, 216, 315, 465, 141, 257, -232, -138, -250, -182, -199, -488, 76, 394, -440, -186, 92, 189, 35, 338, 17]
  ----------------------------------------

Rank 10 (Score: 671):
  Parameters: {'POP_SIZE': 651, 'NUM_GENERATIONS': 122, 'MUT_RATE': 0.2689414047073827, 'MUT_SIGMA': 2.8160771977314005, 'ELITE_SIZE': 10, 'DNA_BOUNDS': [0, 500], 'RANK_DEPTH': 325}
  DNA: [3, 128, 14, 448, -410, -438, -7, -460, -275, -288, -110, -492, -8, -414, -486, -78, -214, -328, -192, 339, 388, 401, 48, 146, 443, 452, 400, 233, -445, -308, -287, 70, 306, 33, 299, 113, 87, 95, -441, -144, -376, -62, -391, -304, 422, 412, -385, -144, 59, 32, 41, 329, 52]
  ----------------------------------------

Rank 11 (Score: 670):
  Parameters: {'POP_SIZE': 1765, 'NUM_GENERATIONS': 45, 'MUT_RATE': 0.3446185474703982, 'MUT_SIGMA': 9.256700395240726, 'ELITE_SIZE': 10, 'DNA_BOUNDS': [0, 500], 'RANK_DEPTH': 882}
  DNA: [16, 481, 275, 20, -99, -398, -7, -463, -449, -219, -441, -409, -9, -332, -349, -170, -387, -420, -486, 200, 54, 63, 124, 245, 333, 197, 418, 168, -417, -371, -378, 250, 40, 59, 26, 169, 46, 173, -324, -191, -307, -311, -52, -496, 494, 90, -334, -143, 38, 160, 28, 355, 345]
  ----------------------------------------

Rank 12 (Score: 668):
  Parameters: {'POP_SIZE': 1360, 'NUM_GENERATIONS': 58, 'MUT_RATE': 0.627852837871581, 'MUT_SIGMA': 7.487338119867518, 'ELITE_SIZE': 10, 'DNA_BOUNDS': [0, 500], 'RANK_DEPTH': 680}
  DNA: [13, 117, 28, 417, -463, -421, -12, -414, -350, -107, -90, -478, -1, -54, -223, -107, -459, -36, -444, 12, 75, 152, 169, 168, 315, 375, 256, 342, -264, -478, -418, 102, 251, 29, 2, 102, 39, 447, -347, -482, -475, -183, -319, -481, 162, 184, -327, -197, 78, 67, 40, 265, 306]
  ----------------------------------------

Rank 13 (Score: 667):
  Parameters: {'POP_SIZE': 1545, 'NUM_GENERATIONS': 51, 'MUT_RATE': 0.7227724277886853, 'MUT_SIGMA': 5.700451266578737, 'ELITE_SIZE': 10, 'DNA_BOUNDS': [0, 500], 'RANK_DEPTH': 772}
  DNA: [0, 178, 173, 435, -424, -276, -19, -320, -482, -14, -128, -444, -8, -141, -14, -327, -312, -313, -18, 224, 468, 15, 103, 7, 14, 425, 20, 233, -446, -459, -454, 80, 57, 22, 128, 433, 38, 322, -473, -353, -204, -151, -394, -254, 270, 124, -296, -269, 471, 341, 30, 231, 220]
  ----------------------------------------

Rank 14 (Score: 667):
  Parameters: {'POP_SIZE': 1816, 'NUM_GENERATIONS': 44, 'MUT_RATE': 0.663312266466636, 'MUT_SIGMA': 5.467232118643337, 'ELITE_SIZE': 10, 'DNA_BOUNDS': [0, 500], 'RANK_DEPTH': 908}
  DNA: [7, 272, 138, 406, -479, -433, -88, -488, -273, -8, -119, -391, -3, -330, -217, -90, -257, -484, -299, 362, 124, 239, 137, 192, 272, 398, 470, 325, -230, -372, -432, 22, 17, 27, 46, 109, 170, 409, -397, -473, -273, -93, -281, -152, 165, 59, -370, -241, 433, 272, 35, 199, 274]
  ----------------------------------------

Rank 15 (Score: 667):
  Parameters: {'POP_SIZE': 1832, 'NUM_GENERATIONS': 43, 'MUT_RATE': 0.3255056874186484, 'MUT_SIGMA': 9.194600765870103, 'ELITE_SIZE': 10, 'DNA_BOUNDS': [0, 500], 'RANK_DEPTH': 916}
  DNA: [12, 419, 147, 291, -114, -331, -4, -466, -391, -388, -383, -452, -116, -43, -198, -357, -235, -342, -14, 78, 4, 382, 421, 166, 190, 28, 109, 327, -489, -366, -413, 459, 153, 194, 31, 37, 27, 276, -339, -369, -22, -499, -368, -441, 183, 117, -490, -414, 44, 148, 30, 333, 411]
  ----------------------------------------

Rank 16 (Score: 667):
  Parameters: {'POP_SIZE': 1550, 'NUM_GENERATIONS': 51, 'MUT_RATE': 0.25852163974037806, 'MUT_SIGMA': 0.2, 'ELITE_SIZE': 10, 'DNA_BOUNDS': [0, 500], 'RANK_DEPTH': 775}
  DNA: [20, 343, 101, 420, -274, -491, -167, -495, -352, -3, -181, -338, -5, -26, -94, -238, -303, -17, -303, 409, 477, 121, 230, 495, 407, 149, 393, 222, -185, -360, -455, 16, 119, 81, 217, 253, 174, 421, -236, -93, -311, -129, -372, -190, 318, 28, -368, -268, 20, 316, 32, 166, 283]
  ----------------------------------------

Rank 17 (Score: 666):
  Parameters: {'POP_SIZE': 553, 'NUM_GENERATIONS': 144, 'MUT_RATE': 0.6961193425842265, 'MUT_SIGMA': 8.359190317572939, 'ELITE_SIZE': 10, 'DNA_BOUNDS': [0, 500], 'RANK_DEPTH': 276}
  DNA: [11, 253, 401, 77, -288, -420, -133, -244, -289, -9, -486, -427, -3, -364, -216, -57, -201, -477, -352, 262, 19, 261, 30, 380, 158, 60, 400, 136, -255, -436, -355, 87, 438, 124, 173, 29, 196, 359, -221, -495, -468, -307, -476, -14, 175, 324, -220, -445, 1, 199, 35, 295, 460]
  ----------------------------------------

Rank 18 (Score: 666):
  Parameters: {'POP_SIZE': 702, 'NUM_GENERATIONS': 113, 'MUT_RATE': 0.3912822754692553, 'MUT_SIGMA': 0.3300706546580006, 'ELITE_SIZE': 10, 'DNA_BOUNDS': [0, 500], 'RANK_DEPTH': 351}
  DNA: [3, 350, 399, 264, -477, -497, -10, -173, -375, -5, -441, -313, -212, -214, -245, -440, -401, -48, -455, 156, 386, 418, 58, 434, 79, 88, 443, 63, -373, -377, -400, 74, 457, 413, 171, 365, 154, 150, -164, -255, -319, -217, -476, -459, 302, 33, -394, -162, 398, 53, 34, 409, 344]
  ----------------------------------------

Rank 19 (Score: 666):
  Parameters: {'POP_SIZE': 1897, 'NUM_GENERATIONS': 42, 'MUT_RATE': 0.3254330116499849, 'MUT_SIGMA': 10.0, 'ELITE_SIZE': 10, 'DNA_BOUNDS': [0, 500], 'RANK_DEPTH': 948}
  DNA: [17, 378, 56, 296, -428, -296, -2, -472, -467, -88, -427, -288, -128, -118, -266, -415, -240, -471, -446, 95, 127, 480, 274, 417, 387, 90, 461, 162, -401, -421, -414, 343, 205, 325, 92, 303, 397, 415, -462, -368, -185, -243, -28, -391, 143, 275, -127, -366, 48, 393, 33, 107, 348]
  ----------------------------------------

Rank 20 (Score: 666):
  Parameters: {'POP_SIZE': 1742, 'NUM_GENERATIONS': 45, 'MUT_RATE': 0.34513906230406244, 'MUT_SIGMA': 3.3454089513897816, 'ELITE_SIZE': 10, 'DNA_BOUNDS': [0, 500], 'RANK_DEPTH': 871}
  DNA: [13, 101, 85, 393, -441, -319, -3, -497, -338, -87, -90, -395, -8, -325, -330, -107, -220, -422, -328, 295, 86, 44, 65, 41, 305, 222, 93, 76, -163, -376, -480, 156, 294, 218, 78, 63, 101, 451, -413, -168, -168, -135, -396, -453, 459, 90, -269, -414, 280, 112, 28, 241, 385]
  ----------------------------------------
