BAYESIAN OPTIMIZATION SUMMARY
================================================================================
Start Time: 2025-06-24 10:47:25.339917
Number of Calls: 20
Max Simulations: 80000
Output Directory: results/bayes_20250624_104725
================================================================================


============================================================
Trial 1
Timestamp: 2025-06-24 11:24:06.429648
Parameters:
  POP_SIZE: 652
  NUM_GENERATIONS: 122
  MUT_RATE: 0.7046270714695626
  MUT_SIGMA: 9.109112972321851
  ELITE_SIZE: 10
  DNA_BOUNDS: [0, 500]
  RANK_DEPTH: 326
Best Score: 672
Best DNA: [26, 369, 168, 159, -165, -423, -10, -490, -381, -11, -407, -339, -19, -96, -496, -222, -374, -155, -318, 135, 198, 84, 33, 112, 348, 36, 379, 224, -229, -481, -406, 245, 478, 103, 410, 437, 293, 55, -493, -224, -406, -250, -50, -201, 110, 150, -223, -87, 13, 432, 35, 321, 56]
============================================================

============================================================
Trial 2
Timestamp: 2025-06-24 12:00:38.676367
Parameters:
  POP_SIZE: 971
  NUM_GENERATIONS: 82
  MUT_RATE: 0.3394571773540875
  MUT_SIGMA: 7.899257177133268
  ELITE_SIZE: 10
  DNA_BOUNDS: [0, 500]
  RANK_DEPTH: 485
Best Score: 666
Best DNA: [26, 106, 449, 215, -494, -355, -9, -144, -467, -1, -486, -302, -436, -14, -334, -439, -196, -361, -53, 214, 5, 176, 54, 4, 20, 193, 14, 227, -335, -104, -339, 399, 9, 162, 3, 137, 211, 419, -394, -138, -459, -274, -195, -425, 44, 174, -319, -237, 500, 308, 34, 276, 413]
============================================================

============================================================
Trial 3
Timestamp: 2025-06-24 12:36:47.658348
Parameters:
  POP_SIZE: 702
  NUM_GENERATIONS: 113
  MUT_RATE: 0.6467026849217807
  MUT_SIGMA: 5.647994843088575
  ELITE_SIZE: 10
  DNA_BOUNDS: [0, 500]
  RANK_DEPTH: 351
Best Score: 672
Best DNA: [18, 469, 235, 35, -118, -297, -4, -499, -200, -326, -434, -475, -13, -297, -286, -90, -403, -93, -174, 321, 128, 497, 22, 162, 393, 57, 205, 434, -489, -461, -474, 87, 429, 252, 151, 373, 106, 260, -482, -427, -274, -303, -270, -162, 471, 55, -346, -237, 129, 25, 36, 298, 104]
============================================================

============================================================
Trial 4
Timestamp: 2025-06-24 13:13:17.450361
Parameters:
  POP_SIZE: 618
  NUM_GENERATIONS: 129
  MUT_RATE: 0.7626270250787959
  MUT_SIGMA: 8.370210366351992
  ELITE_SIZE: 10
  DNA_BOUNDS: [0, 500]
  RANK_DEPTH: 309
Best Score: 671
Best DNA: [19, 225, 379, 147, -449, -359, -8, -384, -479, -6, -470, -458, -85, -27, -306, -474, -445, -272, -72, 156, 57, 71, 46, 207, 471, 139, 201, 163, -468, -374, -400, 305, 149, 481, 246, 491, 155, 151, -27, -240, -291, -328, -436, -236, 98, 339, -412, -136, 203, 189, 36, 355, 63]
============================================================

============================================================
Trial 5
Timestamp: 2025-06-24 13:50:14.826340
Parameters:
  POP_SIZE: 708
  NUM_GENERATIONS: 112
  MUT_RATE: 0.7856651969684325
  MUT_SIGMA: 9.278204252887
  ELITE_SIZE: 10
  DNA_BOUNDS: [0, 500]
  RANK_DEPTH: 354
Best Score: 667
Best DNA: [7, 58, 400, 256, -423, -465, -30, -85, -354, -6, -500, -444, -143, -173, -220, -413, -201, -454, -366, 56, 478, 50, 301, 108, 310, 133, 346, 384, -305, -341, -350, 49, 178, 98, 119, 88, 13, 342, -8, -187, -347, -363, -440, -91, 389, 63, -204, -229, 265, 266, 44, 220, 312]
============================================================

============================================================
Trial 6
Timestamp: 2025-06-24 14:26:40.353780
Parameters:
  POP_SIZE: 885
  NUM_GENERATIONS: 90
  MUT_RATE: 0.4783732179778677
  MUT_SIGMA: 3.0183178307454073
  ELITE_SIZE: 10
  DNA_BOUNDS: [0, 500]
  RANK_DEPTH: 442
Best Score: 670
Best DNA: [18, 424, 423, 67, -391, -388, -11, -155, -417, 0, -499, -398, -229, -246, -214, -7, -468, -460, -229, 9, 351, 389, 119, 47, 340, 98, 424, 57, -489, -407, -57, 11, 362, 291, 90, 203, 30, 151, -193, -472, -470, -480, -219, -226, 202, 101, -414, -246, 273, 410, 27, 435, 122]
============================================================

============================================================
Trial 7
Timestamp: 2025-06-24 15:02:06.796334
Parameters:
  POP_SIZE: 744
  NUM_GENERATIONS: 107
  MUT_RATE: 0.43393527405372206
  MUT_SIGMA: 9.309463088239823
  ELITE_SIZE: 10
  DNA_BOUNDS: [0, 500]
  RANK_DEPTH: 372
Best Score: 667
Best DNA: [15, 113, 16, 449, -299, -367, -50, -495, -454, -93, -100, -301, -8, -40, -111, -159, -47, -480, -394, 479, 148, 91, 236, 310, 316, 454, 490, 177, -474, -462, -478, 35, 149, 56, 14, 17, 132, 478, -99, -479, -417, -148, -490, -498, 470, 284, -51, -325, 0, 276, 23, 315, 356]
============================================================

============================================================
Trial 8
Timestamp: 2025-06-24 15:39:21.615584
Parameters:
  POP_SIZE: 777
  NUM_GENERATIONS: 102
  MUT_RATE: 0.7096072890035356
  MUT_SIGMA: 2.9784630882437457
  ELITE_SIZE: 10
  DNA_BOUNDS: [0, 500]
  RANK_DEPTH: 388
Best Score: 670
Best DNA: [23, 135, 161, 421, -466, -464, -35, -475, -460, -277, -154, -256, 0, -107, -244, -52, -434, -468, -323, 85, 406, 264, 115, 210, 442, 9, 464, 45, -343, -51, -106, 50, 310, 487, 476, 287, 351, 37, -486, -455, -38, -1, -270, -242, 320, 424, -408, -154, 90, 70, 45, 440, 64]
============================================================

============================================================
Trial 9
Timestamp: 2025-06-24 16:15:04.668482
Parameters:
  POP_SIZE: 956
  NUM_GENERATIONS: 83
  MUT_RATE: 0.6695811887166956
  MUT_SIGMA: 5.858375341993595
  ELITE_SIZE: 10
  DNA_BOUNDS: [0, 500]
  RANK_DEPTH: 478
Best Score: 672
Best DNA: [10, 342, 81, 426, -393, -475, -237, -485, -455, -137, -201, -414, -8, -276, -408, -361, -413, -56, -251, 272, 351, 343, 80, 170, 428, 353, 376, 446, -240, -281, -448, 107, 120, 270, 308, 64, 265, 110, -427, -62, -482, -299, -447, -485, 465, 113, -430, -363, 35, 162, 33, 381, 69]
============================================================

============================================================
Trial 10
Timestamp: 2025-06-24 16:52:00.308039
Parameters:
  POP_SIZE: 606
  NUM_GENERATIONS: 132
  MUT_RATE: 0.29954105079321136
  MUT_SIGMA: 1.035250706398942
  ELITE_SIZE: 10
  DNA_BOUNDS: [0, 500]
  RANK_DEPTH: 303
Best Score: 670
Best DNA: [12, 341, 2, 418, -421, -41, -31, -444, -500, -40, -173, -480, -4, -181, -460, -447, -341, -207, -353, 224, 448, 50, 178, 80, 115, 105, 89, 252, -500, -394, -289, 157, 74, 46, 348, 194, 51, 322, -159, -311, -412, -321, -205, -132, 216, 408, -493, -116, 403, 286, 25, 462, 66]
============================================================

============================================================
Trial 11
Timestamp: 2025-06-24 17:27:35.384357
Parameters:
  POP_SIZE: 635
  NUM_GENERATIONS: 125
  MUT_RATE: 0.6533517523700044
  MUT_SIGMA: 8.194935731570741
  ELITE_SIZE: 10
  DNA_BOUNDS: [0, 500]
  RANK_DEPTH: 317
Best Score: 671
Best DNA: [3, 77, 414, 283, -485, -500, -66, -383, -365, -4, -118, -495, -6, -293, -457, -193, -481, -264, -331, 474, 32, 356, 107, 152, 225, 498, 355, 5, -364, -257, -341, 211, 326, 376, 36, 195, 180, 221, -451, -295, -305, -28, -349, -425, 262, 109, -401, -188, 54, 68, 41, 432, 78]
============================================================

============================================================
Trial 12
Timestamp: 2025-06-24 18:03:38.125739
Parameters:
  POP_SIZE: 957
  NUM_GENERATIONS: 83
  MUT_RATE: 0.6105893054434508
  MUT_SIGMA: 4.235747114289705
  ELITE_SIZE: 10
  DNA_BOUNDS: [0, 500]
  RANK_DEPTH: 478
Best Score: 667
Best DNA: [3, 140, 405, 352, -498, -413, -23, -105, -422, -4, -442, -383, -155, -313, -83, -31, -89, -227, -350, 228, 225, 197, 228, 258, 235, 196, 222, 469, -403, -416, -365, 148, 399, 77, 197, 185, 41, 458, -461, -257, -344, -218, -44, -98, 76, 415, -429, -151, 189, 374, 26, 362, 243]
============================================================

============================================================
Trial 13
Timestamp: 2025-06-24 18:40:26.216229
Parameters:
  POP_SIZE: 909
  NUM_GENERATIONS: 88
  MUT_RATE: 0.7047741598263726
  MUT_SIGMA: 8.49835364589512
  ELITE_SIZE: 10
  DNA_BOUNDS: [0, 500]
  RANK_DEPTH: 454
Best Score: 672
Best DNA: [31, 496, 204, 204, -60, -313, -3, -413, -425, -11, -500, -400, -35, -240, -258, -179, -294, -298, -324, 320, 245, 231, 121, 113, 12, 173, 152, 346, -294, -341, -435, 183, 178, 226, 21, 3, 12, 370, -378, -137, -107, -238, -402, -468, 26, 77, -274, -230, 486, 130, 42, 267, 307]
============================================================

============================================================
Trial 14
Timestamp: 2025-06-24 19:17:02.508081
Parameters:
  POP_SIZE: 786
  NUM_GENERATIONS: 101
  MUT_RATE: 0.6773223676644906
  MUT_SIGMA: 3.437871919696281
  ELITE_SIZE: 10
  DNA_BOUNDS: [0, 500]
  RANK_DEPTH: 393
Best Score: 672
Best DNA: [16, 484, 8, 168, -96, -324, -7, -425, -391, -8, -492, -436, -289, -150, -413, -97, -289, -7, -158, 246, 90, 328, 36, 173, 466, 97, 147, 4, -483, -21, -471, 259, 377, 485, 321, 183, 409, 17, -471, -341, -452, -160, -285, -279, 338, 20, -332, -224, 13, 338, 30, 367, 50]
============================================================

============================================================
Trial 15
Timestamp: 2025-06-24 19:53:27.276010
Parameters:
  POP_SIZE: 876
  NUM_GENERATIONS: 91
  MUT_RATE: 0.6707068626233041
  MUT_SIGMA: 5.470703874768753
  ELITE_SIZE: 10
  DNA_BOUNDS: [0, 500]
  RANK_DEPTH: 438
Best Score: 667
Best DNA: [7, 433, 38, 175, -127, -414, -7, -334, -473, -296, -460, -227, -296, -145, -14, -138, -58, -344, -265, 212, 278, 132, 176, 161, 449, 238, 472, 170, -473, -386, -481, 322, 180, 80, 174, 359, 15, 320, -406, -317, -299, -403, -50, -137, 372, 9, -167, -256, 182, 51, 34, 300, 219]
============================================================

============================================================
Trial 16
Timestamp: 2025-06-24 20:30:10.131246
Parameters:
  POP_SIZE: 570
  NUM_GENERATIONS: 140
  MUT_RATE: 0.7141754251771992
  MUT_SIGMA: 8.601056933451702
  ELITE_SIZE: 10
  DNA_BOUNDS: [0, 500]
  RANK_DEPTH: 285
Best Score: 665
Best DNA: [1, 353, 248, 330, -489, -469, -17, -351, -470, -15, -454, -376, -272, -320, -72, -100, -171, -372, -40, 220, 498, 57, 169, 97, 110, 306, 420, 212, -442, -244, -435, 363, 342, 281, 148, 395, 299, 437, -7, -314, -445, -472, -230, -447, 439, 230, -91, -271, 202, 361, 37, 328, 45]
============================================================

============================================================
Trial 17
Timestamp: 2025-06-24 21:06:58.538910
Parameters:
  POP_SIZE: 608
  NUM_GENERATIONS: 131
  MUT_RATE: 0.6463392166291706
  MUT_SIGMA: 5.645803152004823
  ELITE_SIZE: 10
  DNA_BOUNDS: [0, 500]
  RANK_DEPTH: 304
Best Score: 671
Best DNA: [16, 489, 376, 0, -64, -378, -2, -500, -484, -8, -461, -483, -380, -152, -360, -191, -394, -206, -50, 263, 486, 115, 121, 40, 434, 363, 412, 56, -456, -242, -320, 261, 434, 329, 481, 398, 360, 49, -319, -388, -112, -199, -255, -415, 390, 25, -447, -330, 167, 41, 42, 303, 163]
============================================================

============================================================
Trial 18
Timestamp: 2025-06-24 21:43:24.815319
Parameters:
  POP_SIZE: 712
  NUM_GENERATIONS: 112
  MUT_RATE: 0.6467433039329029
  MUT_SIGMA: 5.648248411121367
  ELITE_SIZE: 10
  DNA_BOUNDS: [0, 500]
  RANK_DEPTH: 356
Best Score: 677
Best DNA: [87, 190, 413, 105, -425, -495, -262, -465, -438, -2, -332, -457, -207, -38, -110, -238, -96, -101, -237, 32, 2, 208, 151, 110, 323, 286, 175, 446, -371, -274, -349, 160, 197, 41, 261, 38, 105, 106, -370, -483, -457, -148, -329, -474, 207, 67, -500, -238, 21, 315, 32, 253, 368]
============================================================

============================================================
Trial 19
Timestamp: 2025-06-24 22:20:08.482985
Parameters:
  POP_SIZE: 792
  NUM_GENERATIONS: 101
  MUT_RATE: 0.6469876820061273
  MUT_SIGMA: 5.652108093705031
  ELITE_SIZE: 10
  DNA_BOUNDS: [0, 500]
  RANK_DEPTH: 396
Best Score: 673
Best DNA: [24, 56, 255, 418, -400, -408, -96, -386, -352, -45, -169, -465, 0, -267, -392, -18, -464, -420, -252, 376, 175, 486, 50, 152, 500, 46, 369, 263, -401, -420, -397, 167, 18, 37, 78, 33, 116, 426, -224, -304, -355, -317, -465, -427, 395, 13, -178, -491, 52, 394, 43, 261, 141]
============================================================

============================================================
Trial 20
Timestamp: 2025-06-24 22:56:35.649443
Parameters:
  POP_SIZE: 776
  NUM_GENERATIONS: 103
  MUT_RATE: 0.6436657354041035
  MUT_SIGMA: 5.577031627728862
  ELITE_SIZE: 10
  DNA_BOUNDS: [0, 500]
  RANK_DEPTH: 388
Best Score: 672
Best DNA: [25, 54, 200, 369, -461, -471, -18, -435, -403, -188, -156, -495, -1, -66, -276, -318, -461, -253, -166, 194, 168, 266, 28, 209, 469, 251, 235, 23, -345, -395, -395, 281, 130, 206, 43, 248, 70, 389, -169, -415, -410, -494, -134, -71, 141, 374, -370, -237, 211, 42, 38, 390, 93]
============================================================

================================================================================
OPTIMIZATION COMPLETE
Total Trials: 20
Best Trial: 2
Best Score: 677
Best Parameters:
  POP_SIZE: 712
  NUM_GENERATIONS: 112
  MUT_RATE: 0.6467433039329029
  MUT_SIGMA: 5.648248411121367
  ELITE_SIZE: 10
  DNA_BOUNDS: [0, 500]
  RANK_DEPTH: 356
Best DNA: [87, 190, 413, 105, -425, -495, -262, -465, -438, -2, -332, -457, -207, -38, -110, -238, -96, -101, -237, 32, 2, 208, 151, 110, 323, 286, 175, 446, -371, -274, -349, 160, 197, 41, 261, 38, 105, 106, -370, -483, -457, -148, -329, -474, 207, 67, -500, -238, 21, 315, 32, 253, 368]
================================================================================

ALL TRIALS RANKED BY SCORE (BEST TO WORST):
================================================================================

Rank 1 (Score: 677):
  Parameters: {'POP_SIZE': 712, 'NUM_GENERATIONS': 112, 'MUT_RATE': 0.6467433039329029, 'MUT_SIGMA': 5.648248411121367, 'ELITE_SIZE': 10, 'DNA_BOUNDS': [0, 500], 'RANK_DEPTH': 356}
  DNA: [87, 190, 413, 105, -425, -495, -262, -465, -438, -2, -332, -457, -207, -38, -110, -238, -96, -101, -237, 32, 2, 208, 151, 110, 323, 286, 175, 446, -371, -274, -349, 160, 197, 41, 261, 38, 105, 106, -370, -483, -457, -148, -329, -474, 207, 67, -500, -238, 21, 315, 32, 253, 368]
  ----------------------------------------

Rank 2 (Score: 673):
  Parameters: {'POP_SIZE': 792, 'NUM_GENERATIONS': 101, 'MUT_RATE': 0.6469876820061273, 'MUT_SIGMA': 5.652108093705031, 'ELITE_SIZE': 10, 'DNA_BOUNDS': [0, 500], 'RANK_DEPTH': 396}
  DNA: [24, 56, 255, 418, -400, -408, -96, -386, -352, -45, -169, -465, 0, -267, -392, -18, -464, -420, -252, 376, 175, 486, 50, 152, 500, 46, 369, 263, -401, -420, -397, 167, 18, 37, 78, 33, 116, 426, -224, -304, -355, -317, -465, -427, 395, 13, -178, -491, 52, 394, 43, 261, 141]
  ----------------------------------------

Rank 3 (Score: 672):
  Parameters: {'POP_SIZE': 652, 'NUM_GENERATIONS': 122, 'MUT_RATE': 0.7046270714695626, 'MUT_SIGMA': 9.109112972321851, 'ELITE_SIZE': 10, 'DNA_BOUNDS': [0, 500], 'RANK_DEPTH': 326}
  DNA: [26, 369, 168, 159, -165, -423, -10, -490, -381, -11, -407, -339, -19, -96, -496, -222, -374, -155, -318, 135, 198, 84, 33, 112, 348, 36, 379, 224, -229, -481, -406, 245, 478, 103, 410, 437, 293, 55, -493, -224, -406, -250, -50, -201, 110, 150, -223, -87, 13, 432, 35, 321, 56]
  ----------------------------------------

Rank 4 (Score: 672):
  Parameters: {'POP_SIZE': 702, 'NUM_GENERATIONS': 113, 'MUT_RATE': 0.6467026849217807, 'MUT_SIGMA': 5.647994843088575, 'ELITE_SIZE': 10, 'DNA_BOUNDS': [0, 500], 'RANK_DEPTH': 351}
  DNA: [18, 469, 235, 35, -118, -297, -4, -499, -200, -326, -434, -475, -13, -297, -286, -90, -403, -93, -174, 321, 128, 497, 22, 162, 393, 57, 205, 434, -489, -461, -474, 87, 429, 252, 151, 373, 106, 260, -482, -427, -274, -303, -270, -162, 471, 55, -346, -237, 129, 25, 36, 298, 104]
  ----------------------------------------

Rank 5 (Score: 672):
  Parameters: {'POP_SIZE': 956, 'NUM_GENERATIONS': 83, 'MUT_RATE': 0.6695811887166956, 'MUT_SIGMA': 5.858375341993595, 'ELITE_SIZE': 10, 'DNA_BOUNDS': [0, 500], 'RANK_DEPTH': 478}
  DNA: [10, 342, 81, 426, -393, -475, -237, -485, -455, -137, -201, -414, -8, -276, -408, -361, -413, -56, -251, 272, 351, 343, 80, 170, 428, 353, 376, 446, -240, -281, -448, 107, 120, 270, 308, 64, 265, 110, -427, -62, -482, -299, -447, -485, 465, 113, -430, -363, 35, 162, 33, 381, 69]
  ----------------------------------------

Rank 6 (Score: 672):
  Parameters: {'POP_SIZE': 909, 'NUM_GENERATIONS': 88, 'MUT_RATE': 0.7047741598263726, 'MUT_SIGMA': 8.49835364589512, 'ELITE_SIZE': 10, 'DNA_BOUNDS': [0, 500], 'RANK_DEPTH': 454}
  DNA: [31, 496, 204, 204, -60, -313, -3, -413, -425, -11, -500, -400, -35, -240, -258, -179, -294, -298, -324, 320, 245, 231, 121, 113, 12, 173, 152, 346, -294, -341, -435, 183, 178, 226, 21, 3, 12, 370, -378, -137, -107, -238, -402, -468, 26, 77, -274, -230, 486, 130, 42, 267, 307]
  ----------------------------------------

Rank 7 (Score: 672):
  Parameters: {'POP_SIZE': 786, 'NUM_GENERATIONS': 101, 'MUT_RATE': 0.6773223676644906, 'MUT_SIGMA': 3.437871919696281, 'ELITE_SIZE': 10, 'DNA_BOUNDS': [0, 500], 'RANK_DEPTH': 393}
  DNA: [16, 484, 8, 168, -96, -324, -7, -425, -391, -8, -492, -436, -289, -150, -413, -97, -289, -7, -158, 246, 90, 328, 36, 173, 466, 97, 147, 4, -483, -21, -471, 259, 377, 485, 321, 183, 409, 17, -471, -341, -452, -160, -285, -279, 338, 20, -332, -224, 13, 338, 30, 367, 50]
  ----------------------------------------

Rank 8 (Score: 672):
  Parameters: {'POP_SIZE': 776, 'NUM_GENERATIONS': 103, 'MUT_RATE': 0.6436657354041035, 'MUT_SIGMA': 5.577031627728862, 'ELITE_SIZE': 10, 'DNA_BOUNDS': [0, 500], 'RANK_DEPTH': 388}
  DNA: [25, 54, 200, 369, -461, -471, -18, -435, -403, -188, -156, -495, -1, -66, -276, -318, -461, -253, -166, 194, 168, 266, 28, 209, 469, 251, 235, 23, -345, -395, -395, 281, 130, 206, 43, 248, 70, 389, -169, -415, -410, -494, -134, -71, 141, 374, -370, -237, 211, 42, 38, 390, 93]
  ----------------------------------------

Rank 9 (Score: 671):
  Parameters: {'POP_SIZE': 618, 'NUM_GENERATIONS': 129, 'MUT_RATE': 0.7626270250787959, 'MUT_SIGMA': 8.370210366351992, 'ELITE_SIZE': 10, 'DNA_BOUNDS': [0, 500], 'RANK_DEPTH': 309}
  DNA: [19, 225, 379, 147, -449, -359, -8, -384, -479, -6, -470, -458, -85, -27, -306, -474, -445, -272, -72, 156, 57, 71, 46, 207, 471, 139, 201, 163, -468, -374, -400, 305, 149, 481, 246, 491, 155, 151, -27, -240, -291, -328, -436, -236, 98, 339, -412, -136, 203, 189, 36, 355, 63]
  ----------------------------------------

Rank 10 (Score: 671):
  Parameters: {'POP_SIZE': 635, 'NUM_GENERATIONS': 125, 'MUT_RATE': 0.6533517523700044, 'MUT_SIGMA': 8.194935731570741, 'ELITE_SIZE': 10, 'DNA_BOUNDS': [0, 500], 'RANK_DEPTH': 317}
  DNA: [3, 77, 414, 283, -485, -500, -66, -383, -365, -4, -118, -495, -6, -293, -457, -193, -481, -264, -331, 474, 32, 356, 107, 152, 225, 498, 355, 5, -364, -257, -341, 211, 326, 376, 36, 195, 180, 221, -451, -295, -305, -28, -349, -425, 262, 109, -401, -188, 54, 68, 41, 432, 78]
  ----------------------------------------

Rank 11 (Score: 671):
  Parameters: {'POP_SIZE': 608, 'NUM_GENERATIONS': 131, 'MUT_RATE': 0.6463392166291706, 'MUT_SIGMA': 5.645803152004823, 'ELITE_SIZE': 10, 'DNA_BOUNDS': [0, 500], 'RANK_DEPTH': 304}
  DNA: [16, 489, 376, 0, -64, -378, -2, -500, -484, -8, -461, -483, -380, -152, -360, -191, -394, -206, -50, 263, 486, 115, 121, 40, 434, 363, 412, 56, -456, -242, -320, 261, 434, 329, 481, 398, 360, 49, -319, -388, -112, -199, -255, -415, 390, 25, -447, -330, 167, 41, 42, 303, 163]
  ----------------------------------------

Rank 12 (Score: 670):
  Parameters: {'POP_SIZE': 885, 'NUM_GENERATIONS': 90, 'MUT_RATE': 0.4783732179778677, 'MUT_SIGMA': 3.0183178307454073, 'ELITE_SIZE': 10, 'DNA_BOUNDS': [0, 500], 'RANK_DEPTH': 442}
  DNA: [18, 424, 423, 67, -391, -388, -11, -155, -417, 0, -499, -398, -229, -246, -214, -7, -468, -460, -229, 9, 351, 389, 119, 47, 340, 98, 424, 57, -489, -407, -57, 11, 362, 291, 90, 203, 30, 151, -193, -472, -470, -480, -219, -226, 202, 101, -414, -246, 273, 410, 27, 435, 122]
  ----------------------------------------

Rank 13 (Score: 670):
  Parameters: {'POP_SIZE': 777, 'NUM_GENERATIONS': 102, 'MUT_RATE': 0.7096072890035356, 'MUT_SIGMA': 2.9784630882437457, 'ELITE_SIZE': 10, 'DNA_BOUNDS': [0, 500], 'RANK_DEPTH': 388}
  DNA: [23, 135, 161, 421, -466, -464, -35, -475, -460, -277, -154, -256, 0, -107, -244, -52, -434, -468, -323, 85, 406, 264, 115, 210, 442, 9, 464, 45, -343, -51, -106, 50, 310, 487, 476, 287, 351, 37, -486, -455, -38, -1, -270, -242, 320, 424, -408, -154, 90, 70, 45, 440, 64]
  ----------------------------------------

Rank 14 (Score: 670):
  Parameters: {'POP_SIZE': 606, 'NUM_GENERATIONS': 132, 'MUT_RATE': 0.29954105079321136, 'MUT_SIGMA': 1.035250706398942, 'ELITE_SIZE': 10, 'DNA_BOUNDS': [0, 500], 'RANK_DEPTH': 303}
  DNA: [12, 341, 2, 418, -421, -41, -31, -444, -500, -40, -173, -480, -4, -181, -460, -447, -341, -207, -353, 224, 448, 50, 178, 80, 115, 105, 89, 252, -500, -394, -289, 157, 74, 46, 348, 194, 51, 322, -159, -311, -412, -321, -205, -132, 216, 408, -493, -116, 403, 286, 25, 462, 66]
  ----------------------------------------

Rank 15 (Score: 667):
  Parameters: {'POP_SIZE': 708, 'NUM_GENERATIONS': 112, 'MUT_RATE': 0.7856651969684325, 'MUT_SIGMA': 9.278204252887, 'ELITE_SIZE': 10, 'DNA_BOUNDS': [0, 500], 'RANK_DEPTH': 354}
  DNA: [7, 58, 400, 256, -423, -465, -30, -85, -354, -6, -500, -444, -143, -173, -220, -413, -201, -454, -366, 56, 478, 50, 301, 108, 310, 133, 346, 384, -305, -341, -350, 49, 178, 98, 119, 88, 13, 342, -8, -187, -347, -363, -440, -91, 389, 63, -204, -229, 265, 266, 44, 220, 312]
  ----------------------------------------

Rank 16 (Score: 667):
  Parameters: {'POP_SIZE': 744, 'NUM_GENERATIONS': 107, 'MUT_RATE': 0.43393527405372206, 'MUT_SIGMA': 9.309463088239823, 'ELITE_SIZE': 10, 'DNA_BOUNDS': [0, 500], 'RANK_DEPTH': 372}
  DNA: [15, 113, 16, 449, -299, -367, -50, -495, -454, -93, -100, -301, -8, -40, -111, -159, -47, -480, -394, 479, 148, 91, 236, 310, 316, 454, 490, 177, -474, -462, -478, 35, 149, 56, 14, 17, 132, 478, -99, -479, -417, -148, -490, -498, 470, 284, -51, -325, 0, 276, 23, 315, 356]
  ----------------------------------------

Rank 17 (Score: 667):
  Parameters: {'POP_SIZE': 957, 'NUM_GENERATIONS': 83, 'MUT_RATE': 0.6105893054434508, 'MUT_SIGMA': 4.235747114289705, 'ELITE_SIZE': 10, 'DNA_BOUNDS': [0, 500], 'RANK_DEPTH': 478}
  DNA: [3, 140, 405, 352, -498, -413, -23, -105, -422, -4, -442, -383, -155, -313, -83, -31, -89, -227, -350, 228, 225, 197, 228, 258, 235, 196, 222, 469, -403, -416, -365, 148, 399, 77, 197, 185, 41, 458, -461, -257, -344, -218, -44, -98, 76, 415, -429, -151, 189, 374, 26, 362, 243]
  ----------------------------------------

Rank 18 (Score: 667):
  Parameters: {'POP_SIZE': 876, 'NUM_GENERATIONS': 91, 'MUT_RATE': 0.6707068626233041, 'MUT_SIGMA': 5.470703874768753, 'ELITE_SIZE': 10, 'DNA_BOUNDS': [0, 500], 'RANK_DEPTH': 438}
  DNA: [7, 433, 38, 175, -127, -414, -7, -334, -473, -296, -460, -227, -296, -145, -14, -138, -58, -344, -265, 212, 278, 132, 176, 161, 449, 238, 472, 170, -473, -386, -481, 322, 180, 80, 174, 359, 15, 320, -406, -317, -299, -403, -50, -137, 372, 9, -167, -256, 182, 51, 34, 300, 219]
  ----------------------------------------

Rank 19 (Score: 666):
  Parameters: {'POP_SIZE': 971, 'NUM_GENERATIONS': 82, 'MUT_RATE': 0.3394571773540875, 'MUT_SIGMA': 7.899257177133268, 'ELITE_SIZE': 10, 'DNA_BOUNDS': [0, 500], 'RANK_DEPTH': 485}
  DNA: [26, 106, 449, 215, -494, -355, -9, -144, -467, -1, -486, -302, -436, -14, -334, -439, -196, -361, -53, 214, 5, 176, 54, 4, 20, 193, 14, 227, -335, -104, -339, 399, 9, 162, 3, 137, 211, 419, -394, -138, -459, -274, -195, -425, 44, 174, -319, -237, 500, 308, 34, 276, 413]
  ----------------------------------------

Rank 20 (Score: 665):
  Parameters: {'POP_SIZE': 570, 'NUM_GENERATIONS': 140, 'MUT_RATE': 0.7141754251771992, 'MUT_SIGMA': 8.601056933451702, 'ELITE_SIZE': 10, 'DNA_BOUNDS': [0, 500], 'RANK_DEPTH': 285}
  DNA: [1, 353, 248, 330, -489, -469, -17, -351, -470, -15, -454, -376, -272, -320, -72, -100, -171, -372, -40, 220, 498, 57, 169, 97, 110, 306, 420, 212, -442, -244, -435, 363, 342, 281, 148, 395, 299, 437, -7, -314, -445, -472, -230, -447, 439, 230, -91, -271, 202, 361, 37, 328, 45]
  ----------------------------------------
