Genetic Algorithm Optimization Results
===================================

Top 10 Best Performing Combinations:
                                                                                                                                              parameters  best_score
19      {'MUT_RATE': 0.598126495180911, 'MUT_SIGMA': 0.5788832791641506, 'ELITE_SIZE': 7, 'DNA_BOUNDS': [0, 397], 'POP_SIZE': 52, 'NUM_GENERATIONS': 96}         665
34                   {'MUT_RATE': 0.417758581922271, 'MUT_SIGMA': 0.8, 'ELITE_SIZE': 20, 'DNA_BOUNDS': [0, 428], 'POP_SIZE': 50, 'NUM_GENERATIONS': 100}         665
4   {'MUT_RATE': 0.45466730751037265, 'MUT_SIGMA': 0.5786105319502252, 'ELITE_SIZE': 11, 'DNA_BOUNDS': [0, 427], 'POP_SIZE': 161, 'NUM_GENERATIONS': 31}         664
20    {'MUT_RATE': 0.2773126123184796, 'MUT_SIGMA': 0.3633115466904354, 'ELITE_SIZE': 7, 'DNA_BOUNDS': [0, 314], 'POP_SIZE': 50, 'NUM_GENERATIONS': 100}         663
29   {'MUT_RATE': 0.439156994139538, 'MUT_SIGMA': 0.41538523824942786, 'ELITE_SIZE': 14, 'DNA_BOUNDS': [0, 392], 'POP_SIZE': 50, 'NUM_GENERATIONS': 100}         663
45                  {'MUT_RATE': 0.4341095658655192, 'MUT_SIGMA': 0.8, 'ELITE_SIZE': 20, 'DNA_BOUNDS': [0, 600], 'POP_SIZE': 50, 'NUM_GENERATIONS': 100}         663
49                 {'MUT_RATE': 0.40727169258072926, 'MUT_SIGMA': 0.8, 'ELITE_SIZE': 20, 'DNA_BOUNDS': [0, 600], 'POP_SIZE': 50, 'NUM_GENERATIONS': 100}         663
24     {'MUT_RATE': 0.6834110856081889, 'MUT_SIGMA': 0.5787896328539912, 'ELITE_SIZE': 0, 'DNA_BOUNDS': [0, 514], 'POP_SIZE': 52, 'NUM_GENERATIONS': 96}         662
35   {'MUT_RATE': 0.5252229447772563, 'MUT_SIGMA': 0.5873786316575149, 'ELITE_SIZE': 18, 'DNA_BOUNDS': [0, 433], 'POP_SIZE': 50, 'NUM_GENERATIONS': 100}         661
39                  {'MUT_RATE': 0.45847738073580113, 'MUT_SIGMA': 0.8, 'ELITE_SIZE': 4, 'DNA_BOUNDS': [0, 304], 'POP_SIZE': 50, 'NUM_GENERATIONS': 100}         661

Parameter Impact Analysis:

MUT_RATE Analysis:
             mean  std  max
parameters                 
0.126840    646.0  NaN  646
0.142720    648.0  NaN  648
0.146794    639.0  NaN  639
0.218285    643.0  NaN  643
0.225320    649.0  NaN  649
0.235774    652.0  NaN  652
0.264828    655.0  NaN  655
0.265797    644.0  NaN  644
0.267420    648.0  NaN  648
0.277313    663.0  NaN  663
0.327827    650.0  NaN  650
0.336172    655.0  NaN  655
0.359398    647.0  NaN  647
0.382517    657.0  NaN  657
0.391999    657.0  NaN  657
0.397024    658.0  NaN  658
0.404528    658.0  NaN  658
0.405968    660.0  NaN  660
0.407272    663.0  NaN  663
0.417759    665.0  NaN  665
0.419805    656.0  NaN  656
0.433515    656.0  NaN  656
0.434110    663.0  NaN  663
0.437249    661.0  NaN  661
0.437369    659.0  NaN  659
0.439157    663.0  NaN  663
0.454667    664.0  NaN  664
0.457255    653.0  NaN  653
0.458477    661.0  NaN  661
0.463504    654.0  NaN  654
0.468712    655.0  NaN  655
0.489435    654.0  NaN  654
0.499144    656.0  NaN  656
0.525223    661.0  NaN  661
0.541755    649.0  NaN  649
0.554669    647.0  NaN  647
0.561940    651.0  NaN  651
0.576401    650.0  NaN  650
0.588139    655.0  NaN  655
0.598126    665.0  NaN  665
0.604750    654.0  NaN  654
0.634791    651.0  NaN  651
0.651505    651.0  NaN  651
0.683411    662.0  NaN  662
0.710903    649.0  NaN  649
0.736900    647.0  NaN  647
0.742107    657.0  NaN  657
0.747732    657.0  NaN  657
0.753830    657.0  NaN  657
0.800000    644.0  NaN  644

MUT_SIGMA Analysis:
                  mean       std  max
parameters                           
0.100000    644.000000       NaN  644
0.125791    648.000000       NaN  648
0.138486    647.000000       NaN  647
0.154384    650.000000       NaN  650
0.160951    651.000000       NaN  651
0.161579    643.000000       NaN  643
0.175451    649.000000       NaN  649
0.176761    655.000000       NaN  655
0.178146    644.000000       NaN  644
0.201629    655.000000       NaN  655
0.324681    650.000000       NaN  650
0.363312    663.000000       NaN  663
0.371933    656.000000       NaN  656
0.386119    657.000000       NaN  657
0.397649    646.000000       NaN  646
0.415385    663.000000       NaN  663
0.422231    649.000000       NaN  649
0.429780    652.000000       NaN  652
0.504644    657.000000       NaN  657
0.548440    651.000000       NaN  651
0.552729    657.000000       NaN  657
0.575117    653.000000       NaN  653
0.576469    654.000000       NaN  654
0.578611    664.000000       NaN  664
0.578790    662.000000       NaN  662
0.578883    665.000000       NaN  665
0.582910    647.000000       NaN  647
0.587379    661.000000       NaN  661
0.621199    649.000000       NaN  649
0.634682    651.000000       NaN  651
0.637319    656.000000       NaN  656
0.662701    648.000000       NaN  648
0.666554    639.000000       NaN  639
0.711577    647.000000       NaN  647
0.715971    655.000000       NaN  655
0.723516    654.000000       NaN  654
0.793586    657.000000       NaN  657
0.800000    659.230769  3.320488  665

ELITE_SIZE Analysis:
                  mean        std  max
parameters                            
0           657.000000   5.567764  662
1           657.000000        NaN  657
2           652.500000   4.654747  658
3           649.000000   1.414214  650
4           658.500000   3.535534  661
5           647.333333   9.073772  657
6           650.000000   9.899495  657
7           664.000000   1.414214  665
8           652.666667   3.214550  655
9           655.500000   2.121320  657
11          656.000000   6.055301  664
13          655.000000        NaN  655
14          653.000000   6.324555  663
15          654.000000   2.828427  656
16          648.000000   1.414214  649
17          660.000000        NaN  660
18          652.500000  12.020815  661
19          644.000000        NaN  644
20          658.750000   5.574175  665

POP_SIZE Analysis:
                  mean       std  max
parameters                           
50          656.500000  6.126989  665
51          654.000000       NaN  654
52          663.500000  2.121320  665
80          651.000000       NaN  651
113         651.000000       NaN  651
135         655.000000       NaN  655
159         653.000000       NaN  653
161         664.000000       NaN  664
162         657.000000       NaN  657
186         657.000000       NaN  657
237         647.000000       NaN  647
281         649.000000       NaN  649
297         647.000000       NaN  647
303         647.000000       NaN  647
330         655.000000       NaN  655
376         648.000000       NaN  648
393         650.000000       NaN  650
396         652.000000       NaN  652
411         651.000000       NaN  651
431         643.000000       NaN  643
466         650.000000       NaN  650
500         647.333333  5.773503  654
