Multiple GA Runs Summary
========================
Configuration: H
Optimization level: 4
Strategy: progressive
Processes: 10
Generations: default
Total runs: 20
Successful: 20
Failed: 0
Total time: 40788.53 seconds
Average time per run: 2039.43 seconds

Best DNA from Each Run:
=======================
Run 1: Score=961 (Exp:461, Cont:500) Gen:283, Non-zero:45
  DNA: [500, 128, 349, 9, -2, -28, -411, 0, -9, -500, 0, 0, -500, -12, -185, -35, -99, -2, -113, 35, 0, 0, 180, 17, 14, 500, 500, 17, -7, -160, -8, 245, 291, 500, 169, 0, 256, 353, -14, -99, -1, -121, -4, -3, 0, 0, -114, -42, 89, 7, 29, 151, 13]

Run 2: Score=949 (Exp:449, Cont:500) Gen:247, Non-zero:52
  DNA: [174, 422, 74, 368, -218, -285, -7, -158, -14, -366, -7, -381, -1, -28, -84, -20, -96, -7, -266, 22, 1, 1, 204, 426, 86, 68, 42, 123, -95, -21, -241, 101, 276, 226, 285, 11, 85, 140, -212, -12, -22, -8, -167, -150, 1, 0, -400, -43, 63, 432, 16, 454, 112]

Run 3: Score=951 (Exp:451, Cont:500) Gen:260, Non-zero:48
  DNA: [266, 500, 500, 34, -6, -61, 0, -57, -385, 0, -16, -133, 0, -7, 0, -1, -33, -9, -2, 22, 0, 1, 25, 106, 285, 100, 1, 4, -50, -128, -211, 90, 257, 11, 330, 4, 15, 306, -295, -131, -22, -97, -413, -54, 1, 1, -167, -500, 11, 111, 27, 144, 85]

Run 4: Score=950 (Exp:451, Cont:499) Gen:284, Non-zero:49
  DNA: [289, 500, 27, 4, -36, -483, 0, -1, -43, -2, -3, -2, -1, -5, -10, -14, -57, -4, -91, 14, 0, 1, 131, 36, 82, 17, 218, 11, -1, -96, -38, 38, 1, 10, 500, 8, 8, 122, -262, -126, -19, -26, -459, -24, 0, 0, -55, -276, 24, 500, 35, 88, 267]

Run 5: Score=961 (Exp:463, Cont:498) Gen:273, Non-zero:46
  DNA: [500, 0, 13, 500, -52, -209, -1, -6, -137, 0, -25, -500, 0, -19, -29, -15, -233, -58, -16, 18, 0, 0, 3, 46, 59, 5, 5, 69, -482, -9, -168, 186, 31, 4, 500, 0, 9, 206, -38, -329, -500, -5, -49, -158, 0, 1, -97, -8, 25, 44, 20, 262, 122]

Run 6: Score=951 (Exp:451, Cont:500) Gen:279, Non-zero:46
  DNA: [171, 302, 0, 500, -9, -110, -2, -96, -284, -12, -37, -351, -1, -31, -9, -6, -86, 0, -91, 16, 0, 0, 4, 74, 0, 91, 13, 1, -40, -89, -24, 60, 5, 316, 500, 0, 11, 472, -275, -150, -296, -25, -148, -303, 0, 1, -114, -359, 298, 36, 31, 207, 109]

Run 7: Score=964 (Exp:464, Cont:500) Gen:299, Non-zero:50
  DNA: [152, 499, 401, 439, -16, -50, -480, -497, 0, -500, -500, 0, -118, -21, -375, -52, -44, -11, -42, 25, 1, 1, 5, 21, 15, 500, 213, 1, -12, -500, -15, 353, 32, 129, 500, 0, 271, 20, -475, -23, -11, -115, -3, -411, 1, 1, -1, -101, 82, 35, 29, 272, 26]

Run 8: Score=967 (Exp:468, Cont:499) Gen:266, Non-zero:45
  DNA: [469, 115, 1, 318, 0, 0, -160, 0, 0, -500, -6, -111, -500, -12, -36, 0, -3, 0, -359, 38, 1, 0, 19, 103, 84, 12, 9, 500, -198, -43, -93, 21, 270, 490, 150, 1, 77, 435, -46, -29, -130, -4, -500, -500, 1, 0, -47, -30, 78, 443, 37, 72, 41]

Run 9: Score=949 (Exp:449, Cont:500) Gen:287, Non-zero:47
  DNA: [223, 128, 6, 399, -29, -18, -407, -39, -8, -325, -32, -198, 0, -16, -104, -75, -84, -5, -89, 19, 0, 0, 142, 149, 12, 2, 2, 84, -334, -197, -19, 26, 279, 0, 390, 1, 241, 7, -500, -5, -109, -219, -449, -221, 0, 0, -19, -249, 36, 190, 35, 500, 10]

Run 10: Score=960 (Exp:460, Cont:500) Gen:266, Non-zero:46
  DNA: [477, 500, 500, 11, -2, -118, -500, -500, -167, -500, 0, 0, -499, -33, -83, -16, -43, -1, -79, 29, 0, 0, 273, 500, 248, 500, 5, 18, -8, -93, -92, 176, 500, 26, 331, 2, 20, 9, -62, -414, -1, -500, -11, -12, 0, 0, -77, -306, 222, 28, 26, 422, 0]

Run 11: Score=952 (Exp:452, Cont:500) Gen:291, Non-zero:48
  DNA: [471, 500, 455, 244, -372, 0, -367, -411, -17, -500, 0, 0, -500, -136, -51, -8, -20, -62, -90, 43, 1, 0, 0, 209, 39, 84, 500, 34, -139, -51, -48, 490, 14, 34, 340, 2, 193, 26, -9, -6, -6, -427, -24, -2, 1, 1, -80, -65, 25, 10, 34, 466, 23]

Run 12: Score=962 (Exp:462, Cont:500) Gen:293, Non-zero:48
  DNA: [500, 500, 469, 33, -138, -3, -323, -2, -12, -500, 0, 0, -500, -55, -15, -20, -1, 0, -68, 274, 4, 2, 73, 36, 33, 40, 500, 17, -15, -28, -303, 52, 207, 14, 25, 0, 127, 10, -11, -198, -54, -500, -22, -3, 1, 0, -35, -245, 24, 64, 23, 364, 68]

Run 13: Score=963 (Exp:463, Cont:500) Gen:270, Non-zero:50
  DNA: [500, 3, 256, 358, -500, -1, -478, -23, -9, -500, -482, 0, -145, -18, -53, -74, -197, -11, -100, 94, 0, 1, 88, 117, 46, 14, 403, 4, -207, -14, -174, 447, 125, 26, 193, 2, 74, 492, -12, -36, -500, -96, -15, -19, 1, 0, -157, -367, 4, 16, 23, 313, 165]

Run 14: Score=949 (Exp:449, Cont:500) Gen:299, Non-zero:49
  DNA: [316, 500, 234, 3, -14, -172, -2, -52, 0, -317, -124, -5, -437, -43, -130, -93, -4, -5, -10, 73, 2, 0, 9, 366, 56, 98, 20, 2, -92, -109, -70, 166, 102, 12, 77, 0, 5, 325, -350, -188, -500, -188, -21, -234, 0, 2, -24, -500, 4, 108, 35, 128, 83]

Run 15: Score=952 (Exp:459, Cont:493) Gen:249, Non-zero:50
  DNA: [175, 500, 2, 496, -166, -495, -1, -4, -6, -8, -7, -164, 0, -4, -181, -36, -99, -15, -298, 19, 0, 1, 1, 180, 103, 3, 5, 93, -22, -109, -32, 2, 372, 11, 487, 1, 3, 250, -7, -4, -1, -34, -191, -338, 1, 0, -134, -16, 65, 226, 17, 451, 297]

Run 16: Score=961 (Exp:462, Cont:499) Gen:297, Non-zero:47
  DNA: [227, 56, 500, 12, -10, -85, -1, -296, -478, -2, -500, -151, -8, -21, -9, -196, -38, -60, -168, 17, 0, 0, 57, 500, 184, 92, 3, 32, -457, -406, -99, 62, 27, 77, 500, 0, 32, 214, -346, -338, -131, -342, -47, 0, 0, 0, -74, -209, 28, 7, 30, 369, 248]

Run 17: Score=950 (Exp:450, Cont:500) Gen:289, Non-zero:47
  DNA: [73, 6, 15, 500, 0, -12, -500, 0, -10, -500, -22, -494, 0, -5, -233, -167, -202, -18, -139, 23, 0, 1, 45, 79, 9, 3, 23, 153, -500, -444, -46, 64, 500, 61, 261, 0, 248, 500, -483, -153, -500, -197, -3, -115, 5, 0, -3, -76, 25, 3, 23, 429, 9]

Run 18: Score=957 (Exp:460, Cont:497) Gen:270, Non-zero:48
  DNA: [361, 243, 263, 26, -16, -69, -500, -500, 0, -157, -208, 0, -500, -12, -240, -134, -89, -1, -252, 15, 0, 0, 401, 11, 2, 500, 453, 131, -63, -210, -9, 71, 39, 19, 500, 3, 129, 3, -323, -500, -9, -98, -4, -30, 1, 0, -137, -119, 111, 56, 1, 41, 123]

Run 19: Score=976 (Exp:476, Cont:500) Gen:267, Non-zero:42
  DNA: [206, 500, 368, 80, -23, -134, -1, 0, -24, 0, -179, -152, -500, -1, -1, 0, -17, 0, -73, 26, 0, 1, 1, 0, 34, 0, 115, 5, -309, -132, -208, 12, 3, 4, 402, 0, 0, 500, -8, -63, -26, -17, -29, -45, 0, 0, -145, -9, 1, 5, 21, 268, 43]

Run 20: Score=967 (Exp:469, Cont:498) Gen:281, Non-zero:45
  DNA: [484, 103, 116, 500, 0, -118, -491, 0, -44, -171, -5, -7, -500, -3, -85, -14, -73, 0, -88, 29, 0, 0, 14, 14, 35, 77, 3, 500, -20, -85, -6, 104, 0, 444, 186, 1, 27, 373, -210, -20, -429, 0, -493, -451, 1, 0, -153, -18, 24, 25, 18, 158, 78]

Overall Best DNA (Run 19):
Score: 976 (Exp:476, Cont:500)
Generation: 267, Non-zero weights: 42
DNA Vector: [206, 500, 368, 80, -23, -134, -1, 0, -24, 0, -179, -152, -500, -1, -1, 0, -17, 0, -73, 26, 0, 1, 1, 0, 34, 0, 115, 5, -309, -132, -208, 12, 3, 4, 402, 0, 0, 500, -8, -63, -26, -17, -29, -45, 0, 0, -145, -9, 1, 5, 21, 268, 43]


Detailed Results:
  Run 1: success (1941.92s) - results/multiple_runs_H_opt4_20250823_103518/run_001
  Run 2: success (2025.94s) - results/multiple_runs_H_opt4_20250823_103518/run_002
  Run 3: success (2000.53s) - results/multiple_runs_H_opt4_20250823_103518/run_003
  Run 4: success (2277.81s) - results/multiple_runs_H_opt4_20250823_103518/run_004
  Run 5: success (2016.73s) - results/multiple_runs_H_opt4_20250823_103518/run_005
  Run 6: success (2017.81s) - results/multiple_runs_H_opt4_20250823_103518/run_006
  Run 7: success (1989.23s) - results/multiple_runs_H_opt4_20250823_103518/run_007
  Run 8: success (2079.14s) - results/multiple_runs_H_opt4_20250823_103518/run_008
  Run 9: success (2022.26s) - results/multiple_runs_H_opt4_20250823_103518/run_009
  Run 10: success (2033.42s) - results/multiple_runs_H_opt4_20250823_103518/run_010
  Run 11: success (2057.75s) - results/multiple_runs_H_opt4_20250823_103518/run_011
  Run 12: success (2008.04s) - results/multiple_runs_H_opt4_20250823_103518/run_012
  Run 13: success (2037.67s) - results/multiple_runs_H_opt4_20250823_103518/run_013
  Run 14: success (2085.74s) - results/multiple_runs_H_opt4_20250823_103518/run_014
  Run 15: success (1961.44s) - results/multiple_runs_H_opt4_20250823_103518/run_015
  Run 16: success (1992.39s) - results/multiple_runs_H_opt4_20250823_103518/run_016
  Run 17: success (2078.77s) - results/multiple_runs_H_opt4_20250823_103518/run_017
  Run 18: success (2023.94s) - results/multiple_runs_H_opt4_20250823_103518/run_018
  Run 19: success (1899.20s) - results/multiple_runs_H_opt4_20250823_103518/run_019
  Run 20: success (2099.46s) - results/multiple_runs_H_opt4_20250823_103518/run_020
