BAYESIAN OPTIMIZATION SUMMARY
================================================================================
Start Time: 2025-06-25 13:16:20.425488
Number of Calls: 10
Max Simulations: 100000
Output Directory: results/bayes_20250625_131620
================================================================================


============================================================
Trial 1
Timestamp: 2025-06-25 14:03:33.462468
Parameters:
  POP_SIZE: 677
  NUM_GENERATIONS: 147
  MUT_RATE: 0.3023180488117791
  MUT_SIGMA: 6.637414479210905
  ELITE_SIZE: 10
  DNA_BOUNDS: [0, 500]
  RANK_DEPTH: 338
Best Score: 667
Best DNA: [1, 420, 171, 264, -193, -436, -5, -481, -447, -77, -407, -145, -5, -334, -126, -51, -161, -304, -460, 146, 316, 164, 58, 393, 226, 318, 469, 54, -482, -458, -361, 137, 206, 113, 40, 156, 274, 449, -490, -287, -358, -168, -45, -152, 224, 72, -459, -278, 392, 25, 32, 278, 299]
============================================================

============================================================
Trial 2
Timestamp: 2025-06-25 14:53:29.168817
Parameters:
  POP_SIZE: 519
  NUM_GENERATIONS: 192
  MUT_RATE: 0.5578344596790379
  MUT_SIGMA: 5.851244050314886
  ELITE_SIZE: 10
  DNA_BOUNDS: [0, 500]
  RANK_DEPTH: 259
Best Score: 663
Best DNA: [11, 20, 281, 500, -500, -492, -150, -500, -500, -260, -137, -424, 0, -118, -480, -23, -93, -500, -301, 498, 500, 500, 266, 422, 447, 500, 500, 136, -187, -142, -288, 343, 500, 92, 50, 500, 17, 500, -439, -494, -148, -258, -500, -500, 357, 500, -500, -500, 252, 500, 46, 500, 31]
============================================================

============================================================
Trial 3
Timestamp: 2025-06-25 15:45:46.399805
Parameters:
  POP_SIZE: 901
  NUM_GENERATIONS: 110
  MUT_RATE: 0.6644856601042846
  MUT_SIGMA: 15.862831933936398
  ELITE_SIZE: 10
  DNA_BOUNDS: [0, 500]
  RANK_DEPTH: 450
Best Score: 671
Best DNA: [20, 159, 196, 403, -500, -500, -62, -390, -162, -87, -159, -327, -5, -196, -500, -213, -500, -304, -33, 153, 37, 447, 153, 127, 500, 278, 500, 500, -199, -412, -500, 500, 77, 8, 59, 52, 140, 500, -200, -11, -61, -494, -500, -264, 83, 217, -500, -442, 285, 276, 20, 392, 500]
============================================================

============================================================
Trial 4
Timestamp: 2025-06-25 16:32:19.008085
Parameters:
  POP_SIZE: 533
  NUM_GENERATIONS: 187
  MUT_RATE: 0.5369540557201093
  MUT_SIGMA: 2.4298047880223987
  ELITE_SIZE: 10
  DNA_BOUNDS: [0, 500]
  RANK_DEPTH: 266
Best Score: 666
Best DNA: [10, 21, 500, 348, -262, -462, -282, -425, -500, -7, -500, -269, -3, -1, -109, -500, 0, -302, -500, 477, 500, 46, 223, 500, 172, 6, 500, 500, -500, -15, -500, 88, 317, 500, 364, 2, 45, 500, -127, -149, -195, -324, -30, -417, 160, 37, -496, -500, 500, 37, 18, 500, 500]
============================================================

============================================================
Trial 5
Timestamp: 2025-06-25 17:23:00.370907
Parameters:
  POP_SIZE: 781
  NUM_GENERATIONS: 128
  MUT_RATE: 0.5439133536093794
  MUT_SIGMA: 9.814575281513113
  ELITE_SIZE: 10
  DNA_BOUNDS: [0, 500]
  RANK_DEPTH: 390
Best Score: 672
Best DNA: [3, 343, 385, 303, -474, -295, -500, -108, -500, -2, -476, -130, -111, -106, -393, -451, -316, -500, -298, 57, 306, 500, 7, 97, 470, 284, 323, 500, -500, -500, -500, 404, 95, 64, 49, 500, 59, 226, -206, -298, -277, -498, -482, -259, 3, 228, -470, -135, 48, 61, 30, 321, 24]
============================================================

============================================================
Trial 6
Timestamp: 2025-06-25 18:10:24.621397
Parameters:
  POP_SIZE: 598
  NUM_GENERATIONS: 167
  MUT_RATE: 0.26873726383713237
  MUT_SIGMA: 19.99913023162739
  ELITE_SIZE: 10
  DNA_BOUNDS: [0, 500]
  RANK_DEPTH: 299
Best Score: 670
Best DNA: [22, 498, 115, 311, -467, -362, 0, -359, -432, -215, -347, -48, -51, -295, -414, -148, -316, -152, -476, 302, 260, 461, 14, 25, 222, 331, 269, 61, -303, -219, -457, 309, 264, 415, 375, 309, 392, 182, -303, -140, -407, -190, -201, -191, 206, 163, -336, -304, 8, 343, 26, 497, 23]
============================================================

============================================================
Trial 7
Timestamp: 2025-06-25 18:59:46.014865
Parameters:
  POP_SIZE: 836
  NUM_GENERATIONS: 119
  MUT_RATE: 0.6389334550631365
  MUT_SIGMA: 5.604807340584782
  ELITE_SIZE: 10
  DNA_BOUNDS: [0, 500]
  RANK_DEPTH: 418
Best Score: 673
Best DNA: [10, 1, 265, 500, -500, -500, -133, -500, -407, -5, -115, -403, 0, -500, -500, -70, -500, -500, -500, 500, 500, 500, 60, 81, 500, 500, 247, 500, -500, -500, -500, 500, 500, 500, 32, 500, 266, 500, -39, -500, -500, -304, -500, -137, 500, 216, -500, -491, 270, 126, 21, 500, 500]
============================================================

============================================================
Trial 8
Timestamp: 2025-06-25 19:49:25.477485
Parameters:
  POP_SIZE: 752
  NUM_GENERATIONS: 132
  MUT_RATE: 0.5881864126887328
  MUT_SIGMA: 7.845686303499833
  ELITE_SIZE: 10
  DNA_BOUNDS: [0, 500]
  RANK_DEPTH: 376
Best Score: 667
Best DNA: [23, 500, 386, 88, -107, -349, -6, -500, -471, -4, -402, -498, -14, -134, -273, -149, -41, -335, -259, 46, 373, 160, 65, 393, 124, 10, 154, 21, -500, -462, -500, 140, 196, 140, 500, 142, 248, 500, -276, -416, -53, -294, -433, -385, 419, 500, -385, -327, 248, 149, 22, 367, 391]
============================================================

============================================================
Trial 9
Timestamp: 2025-06-25 20:40:48.162660
Parameters:
  POP_SIZE: 895
  NUM_GENERATIONS: 111
  MUT_RATE: 0.6815559028868123
  MUT_SIGMA: 14.449730638741778
  ELITE_SIZE: 10
  DNA_BOUNDS: [0, 500]
  RANK_DEPTH: 447
Best Score: 671
Best DNA: [14, 500, 500, 224, -500, -500, -4, -500, -500, -5, -500, -500, -51, -145, -500, -500, -353, -500, -500, 379, 500, 336, 500, 500, 297, 500, 205, 500, -500, -500, -483, 28, 490, 500, 500, 500, 500, 38, -500, -500, -202, -500, -48, -500, 500, 32, -500, -500, 500, 103, 20, 500, 500]
============================================================

============================================================
Trial 10
Timestamp: 2025-06-25 21:31:23.031443
Parameters:
  POP_SIZE: 743
  NUM_GENERATIONS: 134
  MUT_RATE: 0.5344643114658221
  MUT_SIGMA: 12.628095115073604
  ELITE_SIZE: 10
  DNA_BOUNDS: [0, 500]
  RANK_DEPTH: 371
Best Score: 664
Best DNA: [1, 26, 248, 357, -500, -213, -389, -358, -429, -9, -475, -443, -11, -203, -187, -26, -28, -472, -482, 12, 170, 244, 486, 433, 500, 186, 311, 185, -390, -158, -462, 309, 213, 279, 156, 441, 50, 500, -384, -292, -436, -417, -469, -24, 128, 124, -350, -500, 100, 217, 22, 499, 130]
============================================================

================================================================================
OPTIMIZATION COMPLETE
Total Trials: 10
Best Trial: 2
Best Score: 673
Best Parameters:
  POP_SIZE: 836
  NUM_GENERATIONS: 119
  MUT_RATE: 0.6389334550631365
  MUT_SIGMA: 5.604807340584782
  ELITE_SIZE: 10
  DNA_BOUNDS: [0, 500]
  RANK_DEPTH: 418
Best DNA: [10, 1, 265, 500, -500, -500, -133, -500, -407, -5, -115, -403, 0, -500, -500, -70, -500, -500, -500, 500, 500, 500, 60, 81, 500, 500, 247, 500, -500, -500, -500, 500, 500, 500, 32, 500, 266, 500, -39, -500, -500, -304, -500, -137, 500, 216, -500, -491, 270, 126, 21, 500, 500]
================================================================================

ALL TRIALS RANKED BY SCORE (BEST TO WORST):
================================================================================

Rank 1 (Score: 673):
  Parameters: {'POP_SIZE': 836, 'NUM_GENERATIONS': 119, 'MUT_RATE': 0.6389334550631365, 'MUT_SIGMA': 5.604807340584782, 'ELITE_SIZE': 10, 'DNA_BOUNDS': [0, 500], 'RANK_DEPTH': 418}
  DNA: [10, 1, 265, 500, -500, -500, -133, -500, -407, -5, -115, -403, 0, -500, -500, -70, -500, -500, -500, 500, 500, 500, 60, 81, 500, 500, 247, 500, -500, -500, -500, 500, 500, 500, 32, 500, 266, 500, -39, -500, -500, -304, -500, -137, 500, 216, -500, -491, 270, 126, 21, 500, 500]
  ----------------------------------------

Rank 2 (Score: 672):
  Parameters: {'POP_SIZE': 781, 'NUM_GENERATIONS': 128, 'MUT_RATE': 0.5439133536093794, 'MUT_SIGMA': 9.814575281513113, 'ELITE_SIZE': 10, 'DNA_BOUNDS': [0, 500], 'RANK_DEPTH': 390}
  DNA: [3, 343, 385, 303, -474, -295, -500, -108, -500, -2, -476, -130, -111, -106, -393, -451, -316, -500, -298, 57, 306, 500, 7, 97, 470, 284, 323, 500, -500, -500, -500, 404, 95, 64, 49, 500, 59, 226, -206, -298, -277, -498, -482, -259, 3, 228, -470, -135, 48, 61, 30, 321, 24]
  ----------------------------------------

Rank 3 (Score: 671):
  Parameters: {'POP_SIZE': 901, 'NUM_GENERATIONS': 110, 'MUT_RATE': 0.6644856601042846, 'MUT_SIGMA': 15.862831933936398, 'ELITE_SIZE': 10, 'DNA_BOUNDS': [0, 500], 'RANK_DEPTH': 450}
  DNA: [20, 159, 196, 403, -500, -500, -62, -390, -162, -87, -159, -327, -5, -196, -500, -213, -500, -304, -33, 153, 37, 447, 153, 127, 500, 278, 500, 500, -199, -412, -500, 500, 77, 8, 59, 52, 140, 500, -200, -11, -61, -494, -500, -264, 83, 217, -500, -442, 285, 276, 20, 392, 500]
  ----------------------------------------

Rank 4 (Score: 671):
  Parameters: {'POP_SIZE': 895, 'NUM_GENERATIONS': 111, 'MUT_RATE': 0.6815559028868123, 'MUT_SIGMA': 14.449730638741778, 'ELITE_SIZE': 10, 'DNA_BOUNDS': [0, 500], 'RANK_DEPTH': 447}
  DNA: [14, 500, 500, 224, -500, -500, -4, -500, -500, -5, -500, -500, -51, -145, -500, -500, -353, -500, -500, 379, 500, 336, 500, 500, 297, 500, 205, 500, -500, -500, -483, 28, 490, 500, 500, 500, 500, 38, -500, -500, -202, -500, -48, -500, 500, 32, -500, -500, 500, 103, 20, 500, 500]
  ----------------------------------------

Rank 5 (Score: 670):
  Parameters: {'POP_SIZE': 598, 'NUM_GENERATIONS': 167, 'MUT_RATE': 0.26873726383713237, 'MUT_SIGMA': 19.99913023162739, 'ELITE_SIZE': 10, 'DNA_BOUNDS': [0, 500], 'RANK_DEPTH': 299}
  DNA: [22, 498, 115, 311, -467, -362, 0, -359, -432, -215, -347, -48, -51, -295, -414, -148, -316, -152, -476, 302, 260, 461, 14, 25, 222, 331, 269, 61, -303, -219, -457, 309, 264, 415, 375, 309, 392, 182, -303, -140, -407, -190, -201, -191, 206, 163, -336, -304, 8, 343, 26, 497, 23]
  ----------------------------------------

Rank 6 (Score: 667):
  Parameters: {'POP_SIZE': 677, 'NUM_GENERATIONS': 147, 'MUT_RATE': 0.3023180488117791, 'MUT_SIGMA': 6.637414479210905, 'ELITE_SIZE': 10, 'DNA_BOUNDS': [0, 500], 'RANK_DEPTH': 338}
  DNA: [1, 420, 171, 264, -193, -436, -5, -481, -447, -77, -407, -145, -5, -334, -126, -51, -161, -304, -460, 146, 316, 164, 58, 393, 226, 318, 469, 54, -482, -458, -361, 137, 206, 113, 40, 156, 274, 449, -490, -287, -358, -168, -45, -152, 224, 72, -459, -278, 392, 25, 32, 278, 299]
  ----------------------------------------

Rank 7 (Score: 667):
  Parameters: {'POP_SIZE': 752, 'NUM_GENERATIONS': 132, 'MUT_RATE': 0.5881864126887328, 'MUT_SIGMA': 7.845686303499833, 'ELITE_SIZE': 10, 'DNA_BOUNDS': [0, 500], 'RANK_DEPTH': 376}
  DNA: [23, 500, 386, 88, -107, -349, -6, -500, -471, -4, -402, -498, -14, -134, -273, -149, -41, -335, -259, 46, 373, 160, 65, 393, 124, 10, 154, 21, -500, -462, -500, 140, 196, 140, 500, 142, 248, 500, -276, -416, -53, -294, -433, -385, 419, 500, -385, -327, 248, 149, 22, 367, 391]
  ----------------------------------------

Rank 8 (Score: 666):
  Parameters: {'POP_SIZE': 533, 'NUM_GENERATIONS': 187, 'MUT_RATE': 0.5369540557201093, 'MUT_SIGMA': 2.4298047880223987, 'ELITE_SIZE': 10, 'DNA_BOUNDS': [0, 500], 'RANK_DEPTH': 266}
  DNA: [10, 21, 500, 348, -262, -462, -282, -425, -500, -7, -500, -269, -3, -1, -109, -500, 0, -302, -500, 477, 500, 46, 223, 500, 172, 6, 500, 500, -500, -15, -500, 88, 317, 500, 364, 2, 45, 500, -127, -149, -195, -324, -30, -417, 160, 37, -496, -500, 500, 37, 18, 500, 500]
  ----------------------------------------

Rank 9 (Score: 664):
  Parameters: {'POP_SIZE': 743, 'NUM_GENERATIONS': 134, 'MUT_RATE': 0.5344643114658221, 'MUT_SIGMA': 12.628095115073604, 'ELITE_SIZE': 10, 'DNA_BOUNDS': [0, 500], 'RANK_DEPTH': 371}
  DNA: [1, 26, 248, 357, -500, -213, -389, -358, -429, -9, -475, -443, -11, -203, -187, -26, -28, -472, -482, 12, 170, 244, 486, 433, 500, 186, 311, 185, -390, -158, -462, 309, 213, 279, 156, 441, 50, 500, -384, -292, -436, -417, -469, -24, 128, 124, -350, -500, 100, 217, 22, 499, 130]
  ----------------------------------------

Rank 10 (Score: 663):
  Parameters: {'POP_SIZE': 519, 'NUM_GENERATIONS': 192, 'MUT_RATE': 0.5578344596790379, 'MUT_SIGMA': 5.851244050314886, 'ELITE_SIZE': 10, 'DNA_BOUNDS': [0, 500], 'RANK_DEPTH': 259}
  DNA: [11, 20, 281, 500, -500, -492, -150, -500, -500, -260, -137, -424, 0, -118, -480, -23, -93, -500, -301, 498, 500, 500, 266, 422, 447, 500, 500, 136, -187, -142, -288, 343, 500, 92, 50, 500, 17, 500, -439, -494, -148, -258, -500, -500, 357, 500, -500, -500, 252, 500, 46, 500, 31]
  ----------------------------------------
